--------------------------------------- 
Dados básicos
Número de elementos (Matriz)
Número de seções (se houverem elementos planos)
---------------------------------------

#DADOS_EL#
700  0

---------------------------------------
Dados relacionados aos elementos
---------------------------------------
Para elementos lineares e planos, algumas informações adicionais são necessárias:
Linear: Seção, Seção transversal (área)
Plano: Seção, Espessura, Estado Plano (1 - EPT ou 2 - EPD)

Tipo (1-linear; 2-plano); Dados

#SECOES#
1   1.   2

---------------------------------------
Dados relacionados aos elementos
---------------------------------------
Tipos de Elemento:
1 - Elemento linear
  - Número de nós (2 a 4 nós, 2 a 4 pontos de Gauss)
2 - Elemento triangular
  - Aproximações linear (3 nós, com 1, 3, 4, 6, 7, 12 ou 13 pontos de Hammer)
                 quadrática (6 nós, com 3, 4, 6, 7, 12 ou 13 pontos de Hammer)
                 cúbica (10 nós, com 6, 7, 12 ou 13 pontos de Hammer)
3 - Elemento retangular
  - Aproximações linear (4 nós, com 4, 9 ou 16 pontos de Gauss)
                 quadrática (9 nós, 9 ou 16 pontos de Gauss)
                 cúbica (16 nós, com 16 pontos de Gauss)
    - Cúbica / linear (8 nós), cúbica / quadrática (12 nós), cúbica / quártica (20 nós)
    - Integração de Gauss (fixo em 8, 12 e 20 pontos)
4 - Elemento tetrahédrico
  - Aproximações linear (4 nós, com 1, 4, 10, 11, 14, 15 ou 24 pontos de Hammer)
                 quadrática (10 nós, com 4, 10, 11, 14, 15 ou 24 pontos de Hammer)
                 cúbica (20 nós, com 10, 11, 14, 15 ou 24 pontos de Hammer)
5 - Elemento hexahédrico
  - Aproximações linear (8 nós, com 8, 27 ou 64 pontos de Gauss)
                 quadrática (27 nós, com 27 ou 64 pontos de Gauss)
                 cúbica (64 nós, com 64 pontos de Gauss)
6 - Elemento prismático
  - Aproximações linear (6 nós), quadrática (18 nós) e cúbica (40 nós)
  - Aproximações cúbica/linear (20 nós); cúbica/quadrática (30 nós)

Informações:
Elem, Tipo, Ordem, Integração, Material, (Seção), Conectividade (1 .. nnos)
* Seção só deve constar caso o elemento seja 1D ou 2D

#ELEMENTOS#
1	4	1	4	1	71	70	56	30
2	4	1	4	1	71	72	31	55
3	4	1	4	1	31	71	10	72
4	4	1	4	1	69	58	57	28
5	4	1	4	1	70	57	18	28
6	4	1	4	1	70	9	45	44
7	4	1	4	1	71	70	30	9
8	4	1	4	1	70	18	57	56
9	4	1	4	1	67	41	66	26
10	4	1	4	1	67	66	60	26
11	4	1	4	1	68	7	43	42
12	4	1	4	1	68	43	7	76
13	4	1	4	1	68	58	76	19
14	4	1	4	1	66	5	41	40
15	4	1	4	1	66	41	5	26
16	4	1	4	1	66	65	61	25
17	4	1	4	1	65	39	73	32
18	4	1	4	1	65	22	61	25
19	4	1	4	1	65	40	4	25
20	4	1	4	1	65	73	62	32
21	4	1	4	1	73	32	63	62
22	4	1	4	1	73	63	36	62
23	4	1	4	1	73	48	32	39
24	4	1	4	1	73	48	39	35
25	4	1	4	1	75	47	11	49
26	4	1	4	1	11	75	72	47
27	4	1	4	1	75	74	33	72
28	4	1	4	1	66	65	25	40
29	4	1	4	1	74	13	51	33
30	4	1	4	1	74	54	64	34
31	4	1	4	1	74	51	13	53
32	4	1	4	1	74	72	54	31
33	4	1	4	1	31	74	33	34
34	4	1	4	1	33	11	75	72
35	4	1	4	1	71	10	45	9
36	4	1	4	1	74	54	50	64
37	4	1	4	1	71	30	55	31
38	4	1	4	1	75	52	33	51
39	4	1	4	1	11	10	46	72
40	4	1	4	1	66	61	60	25
41	4	1	4	1	60	59	26	21
42	4	1	4	1	68	20	59	58
43	4	1	4	1	60	21	25	61
44	4	1	4	1	67	59	26	60
45	4	1	4	1	58	57	28	19
46	4	1	4	1	68	20	19	27
47	4	1	4	1	69	76	68	58
48	4	1	4	1	57	19	18	28
49	4	1	4	1	69	70	44	28
50	4	1	4	1	70	29	28	18
51	4	1	4	1	69	68	76	43
52	4	1	4	1	71	70	9	45
53	4	1	4	1	56	17	55	30
54	4	1	4	1	71	55	30	56
55	4	1	4	1	70	56	30	29
56	4	1	4	1	73	63	32	37
57	4	1	4	1	63	36	14	37
58	4	1	4	1	63	62	32	23
59	4	1	4	1	74	53	64	50
60	4	1	4	1	74	50	51	53
61	4	1	4	1	74	34	31	54
62	4	1	4	1	64	50	53	12
63	4	1	4	1	65	22	62	61
64	4	1	4	1	66	60	26	25
65	4	1	4	1	65	62	23	32
66	4	1	4	1	75	52	38	49
67	4	1	4	1	52	2	38	49
68	4	1	4	1	52	51	13	33
69	4	1	4	1	64	34	12	53
70	4	1	4	1	75	47	49	38
71	4	1	4	1	75	52	49	33
72	4	1	4	1	69	70	28	57
73	4	1	4	1	74	53	34	64
74	4	1	4	1	72	11	47	46
75	4	1	4	1	70	9	44	29
76	4	1	4	1	44	43	28	8
77	4	1	4	1	71	10	46	45
78	4	1	4	1	70	18	56	29
79	4	1	4	1	68	7	42	27
80	4	1	4	1	68	59	20	26
81	4	1	4	1	43	8	7	28
82	4	1	4	1	42	41	26	6
83	4	1	4	1	42	7	6	27
84	4	1	4	1	48	1	35	37
85	4	1	4	1	48	39	3	32
86	4	1	4	1	65	62	22	23
87	4	1	4	1	75	38	52	51
88	4	1	4	1	75	74	51	33
89	4	1	4	1	52	2	49	33
90	4	1	4	1	75	33	49	11
91	4	1	4	1	69	76	28	43
92	4	1	4	1	70	9	29	30
93	4	1	4	1	30	31	71	10
94	4	1	4	1	53	13	34	12
95	4	1	4	1	74	13	33	34
96	4	1	4	1	52	2	33	13
97	4	1	4	1	66	5	40	25
98	4	1	4	1	72	31	55	54
99	4	1	4	1	42	27	6	26
100	4	1	4	1	67	41	26	42
101	4	1	4	1	67	26	68	42
102	4	1	4	1	73	37	48	35
103	4	1	4	1	48	1	37	32
104	4	1	4	1	65	24	25	4
105	4	1	4	1	73	63	37	36
106	4	1	4	1	63	32	37	14
107	4	1	4	1	65	24	23	22
108	4	1	4	1	68	26	27	42
109	4	1	4	1	69	76	58	28
110	4	1	4	1	58	28	76	19
111	4	1	4	1	67	68	26	59
112	4	1	4	1	55	17	16	30
113	4	1	4	1	72	10	31	11
114	4	1	4	1	49	11	33	2
115	4	1	4	1	54	31	16	15
116	4	1	4	1	56	29	18	17
117	4	1	4	1	71	10	9	30
118	4	1	4	1	70	44	28	29
119	4	1	4	1	44	29	8	28
120	4	1	4	1	68	20	58	19
121	4	1	4	1	65	39	32	24
122	4	1	4	1	73	48	37	32
123	4	1	4	1	65	39	4	40
124	4	1	4	1	41	5	26	6
125	4	1	4	1	68	27	19	76
126	4	1	4	1	60	26	25	21
127	4	1	4	1	71	72	46	10
128	4	1	4	1	69	44	43	28
129	4	1	4	1	44	29	9	8
130	4	1	4	1	56	17	30	29
131	4	1	4	1	43	76	28	7
132	4	1	4	1	19	28	76	27
133	4	1	4	1	68	27	26	20
134	4	1	4	1	27	28	76	7
135	4	1	4	1	55	16	31	30
136	4	1	4	1	65	39	24	4
137	4	1	4	1	73	37	35	36
138	4	1	4	1	40	5	4	25
139	4	1	4	1	68	27	76	7
140	4	1	4	1	66	25	26	5
141	4	1	4	1	61	25	22	21
142	4	1	4	1	37	14	32	1
143	4	1	4	1	39	4	3	24
144	4	1	4	1	55	16	54	31
145	4	1	4	1	74	34	53	13
146	4	1	4	1	72	31	74	33
147	4	1	4	1	72	11	31	33
148	4	1	4	1	64	15	12	34
149	4	1	4	1	65	22	25	24
150	4	1	4	1	63	32	14	23
151	4	1	4	1	39	3	32	24
152	4	1	4	1	65	24	32	23
153	4	1	4	1	48	1	32	3
154	4	1	4	1	59	20	26	21
155	4	1	4	1	54	34	31	15
156	4	1	4	1	54	64	34	15
157	4	2	10	2	77	78	79	80	81	82	83	84	85	86
158	4	2	10	2	77	87	88	89	90	91	92	93	94	95
159	4	2	10	2	91	89	77	96	97	98	90	87	99	88
160	4	2	10	2	100	101	102	103	104	105	106	107	108	109
161	4	2	10	2	79	110	105	111	112	113	114	108	115	109
162	4	2	10	2	79	116	117	118	119	120	121	122	123	124
163	4	2	10	2	77	78	79	83	84	86	125	116	126	117
164	4	2	10	2	79	111	113	110	112	105	81	127	128	82
165	4	2	10	2	129	130	131	132	133	134	135	136	137	138
166	4	2	10	2	129	132	134	139	140	141	135	137	142	138
167	4	2	10	2	143	144	145	146	147	148	149	150	151	152
168	4	2	10	2	143	146	148	144	147	145	153	154	155	156
169	4	2	10	2	143	157	102	153	158	156	159	160	161	162
170	4	2	10	2	134	163	164	133	165	131	166	167	168	169
171	4	2	10	2	134	133	131	163	165	164	137	136	170	138
172	4	2	10	2	134	171	172	173	174	175	176	177	178	179
173	4	2	10	2	172	180	181	182	183	184	185	186	187	188
174	4	2	10	2	172	189	190	174	191	175	177	192	178	179
175	4	2	10	2	172	193	169	194	195	196	177	197	198	179
176	4	2	10	2	172	182	184	199	200	201	185	187	202	188
177	4	2	10	2	184	187	188	203	204	205	200	202	206	201
178	4	2	10	2	184	203	205	207	208	209	200	206	210	201
179	4	2	10	2	184	211	212	187	213	188	183	214	186	181
180	4	2	10	2	184	211	212	183	214	181	215	216	217	218
181	4	2	10	2	219	220	221	222	223	224	225	226	227	228
182	4	2	10	2	224	222	219	229	230	88	223	220	231	221
183	4	2	10	2	219	232	233	234	235	236	230	237	238	88
184	4	2	10	2	134	171	172	176	177	179	166	193	197	169
185	4	2	10	2	233	239	240	241	242	243	235	244	245	236
186	4	2	10	2	233	246	247	248	249	250	251	252	253	254
187	4	2	10	2	233	241	243	239	242	240	255	256	257	258
188	4	2	10	2	233	237	88	246	259	247	260	90	261	91
189	4	2	10	2	91	260	233	262	235	236	263	251	264	254
190	4	2	10	2	236	265	224	234	222	219	238	229	230	88
191	4	2	10	2	77	97	98	266	267	120	125	268	119	117
192	4	2	10	2	233	246	247	269	270	271	248	249	272	250
193	4	2	10	2	77	83	86	92	273	95	89	274	94	91
194	4	2	10	2	219	275	276	234	277	236	278	279	245	243
195	4	2	10	2	224	280	98	281	282	283	229	99	284	88
196	4	2	10	2	134	173	175	140	285	141	176	178	286	179
197	4	2	10	2	141	287	288	142	289	138	290	291	292	293
198	4	2	10	2	143	294	295	296	297	288	157	298	299	102
199	4	2	10	2	141	290	293	286	300	179	285	301	178	175
200	4	2	10	2	129	302	288	135	289	138	139	287	142	141
201	4	2	10	2	102	104	105	107	108	109	160	303	304	162
202	4	2	10	2	143	294	295	159	305	162	306	307	308	309
203	4	2	10	2	100	310	156	311	153	143	101	158	157	102
204	4	2	10	2	105	303	162	112	312	113	108	304	115	109
205	4	2	10	2	100	313	79	314	121	124	106	114	315	109
206	4	2	10	2	79	316	317	114	318	109	111	319	115	113
207	4	2	10	2	100	311	143	310	153	156	320	146	154	148
208	4	2	10	2	77	78	79	125	116	117	266	118	119	120
209	4	2	10	2	82	321	322	323	324	95	85	325	273	86
210	4	2	10	2	77	92	95	83	273	86	80	323	85	82
211	4	2	10	2	79	81	82	84	85	86	316	326	327	317
212	4	2	10	2	184	203	205	187	204	188	328	329	330	331
213	4	2	10	2	205	208	209	332	333	334	329	335	336	331
214	4	2	10	2	205	206	201	204	202	188	337	338	339	340
215	4	2	10	2	233	255	258	248	341	250	269	342	272	271
216	4	2	10	2	233	269	271	241	343	243	255	342	256	258
217	4	2	10	2	233	251	254	260	263	91	246	252	261	247
218	4	2	10	2	250	272	271	341	342	258	344	345	346	347
219	4	2	10	2	172	189	190	199	348	201	174	191	349	175
220	4	2	10	2	134	140	141	137	142	138	176	286	350	179
221	4	2	10	2	172	199	201	351	338	340	185	202	339	188
222	4	2	10	2	219	275	276	352	353	354	225	355	356	228
223	4	2	10	2	276	357	358	353	359	354	355	360	356	228
224	4	2	10	2	276	279	243	361	242	240	277	245	244	236
225	4	2	10	2	250	253	254	344	362	347	341	363	346	258
226	4	2	10	2	219	220	221	225	226	228	352	364	356	354
227	4	2	10	2	219	275	276	225	355	228	234	277	365	236
228	4	2	10	2	100	313	79	106	114	109	103	110	108	105
229	4	2	10	2	233	255	258	251	363	254	248	341	253	250
230	4	2	10	2	88	229	224	231	223	221	284	281	366	283
231	4	2	10	2	79	116	117	121	122	124	316	367	368	317
232	4	2	10	2	124	369	148	315	370	109	371	372	373	374
233	4	2	10	2	77	97	98	375	282	283	266	267	376	120
234	4	2	10	2	79	111	113	81	127	82	316	319	326	317
235	4	2	10	2	143	144	145	149	150	152	306	377	378	309
236	4	2	10	2	143	296	288	294	297	295	379	289	380	138
237	4	2	10	2	148	372	374	147	381	145	370	373	382	109
238	4	2	10	2	152	383	131	384	136	138	385	386	387	388
239	4	2	10	2	152	150	145	385	389	388	378	377	390	309
240	4	2	10	2	212	391	392	216	393	218	394	395	396	331
241	4	2	10	2	212	214	181	397	398	399	213	186	400	188
242	4	2	10	2	172	199	201	189	348	190	351	338	401	340
243	4	2	10	2	219	352	354	275	353	276	278	402	279	243
244	4	2	10	2	219	232	233	278	241	243	234	235	245	236
245	4	2	10	2	276	357	358	355	360	228	277	403	365	236
246	4	2	10	2	219	234	236	225	365	228	222	265	227	224
247	4	2	10	2	100	310	156	106	404	109	320	154	370	148
248	4	2	10	2	79	116	117	316	367	317	84	126	327	86
249	4	2	10	2	86	274	91	83	89	77	405	96	97	98
250	4	2	10	2	258	257	240	363	406	254	346	407	362	347
251	4	2	10	2	233	239	240	235	244	236	251	406	264	254
252	4	2	10	2	276	357	358	277	403	236	361	408	244	240
253	4	2	10	2	134	163	164	166	167	169	176	409	197	179
254	4	2	10	2	88	90	91	93	94	95	259	261	410	247
255	4	2	10	2	152	378	309	385	390	388	384	411	387	138
256	4	2	10	2	129	130	131	135	136	138	412	383	384	152
257	4	2	10	2	129	135	138	413	379	143	412	384	149	152
258	4	2	10	2	184	328	331	211	394	212	215	396	216	218
259	4	2	10	2	212	391	392	394	395	331	213	414	330	188
260	4	2	10	2	172	415	416	177	417	179	194	418	198	196
261	4	2	10	2	184	203	205	328	329	331	207	208	335	209
262	4	2	10	2	205	204	188	329	330	331	332	419	336	334
263	4	2	10	2	172	415	416	351	420	340	189	421	401	190
264	4	2	10	2	143	379	138	306	411	309	149	384	378	152
265	4	2	10	2	100	310	156	101	158	102	106	404	107	109
266	4	2	10	2	102	107	109	158	404	156	160	304	161	162
267	4	2	10	2	129	413	143	135	379	138	302	296	289	288
268	4	2	10	2	95	324	322	422	423	424	273	325	425	86
269	4	2	10	2	88	99	98	90	96	91	229	280	426	224
270	4	2	10	2	228	227	224	365	265	236	360	427	403	358
271	4	2	10	2	247	261	91	428	429	424	430	431	432	433
272	4	2	10	2	82	326	317	127	319	113	321	434	435	322
273	4	2	10	2	77	97	98	125	268	117	83	405	126	86
274	4	2	10	2	79	121	124	114	315	109	316	368	318	317
275	4	2	10	2	124	368	317	371	436	374	315	318	373	109
276	4	2	10	2	143	294	295	157	298	102	159	305	160	162
277	4	2	10	2	172	180	181	185	186	188	415	437	438	416
278	4	2	10	2	184	211	212	328	394	331	187	213	330	188
279	4	2	10	2	172	180	181	194	439	196	193	440	195	169
280	4	2	10	2	131	165	164	136	170	138	386	441	387	388
281	4	2	10	2	143	306	309	159	308	162	153	442	161	156
282	4	2	10	2	141	142	138	286	350	179	290	292	300	293
283	4	2	10	2	77	87	88	375	284	283	97	99	282	98
284	4	2	10	2	100	314	124	320	369	148	106	315	370	109
285	4	2	10	2	124	368	317	122	367	117	371	436	443	374
286	4	2	10	2	82	321	322	85	325	86	326	434	327	317
287	4	2	10	2	148	154	156	370	404	109	147	155	382	145
288	4	2	10	2	162	304	109	161	404	156	308	444	442	309
289	4	2	10	2	143	306	309	379	411	138	294	307	380	295
290	4	2	10	2	309	444	109	442	404	156	377	382	155	145
291	4	2	10	2	95	422	424	94	429	91	273	425	274	86
292	4	2	10	2	172	180	181	415	437	416	194	439	418	196
293	4	2	10	2	184	328	331	215	396	218	207	335	445	209
294	4	2	10	2	169	167	164	195	446	196	197	409	198	179
295	4	2	10	2	143	306	309	153	442	156	144	377	155	145
296	4	2	10	2	134	176	179	137	350	138	163	409	170	164
297	4	2	10	2	175	178	179	191	192	190	301	300	447	293
298	4	2	10	2	331	336	334	330	419	188	395	448	414	392
299	4	2	10	2	181	439	196	398	449	399	437	418	450	416
300	4	2	10	2	95	422	424	410	428	247	94	429	261	91
301	4	2	10	2	233	251	254	255	363	258	239	406	257	240
302	4	2	10	2	88	90	91	237	260	233	238	262	235	236
303	4	2	10	2	88	229	224	90	426	91	238	265	262	236
304	4	2	10	2	250	451	433	344	452	347	253	453	362	254
305	4	2	10	2	172	189	190	177	192	179	415	421	417	416
306	4	2	10	2	205	204	188	332	419	334	337	339	454	340
307	4	2	10	2	181	398	399	186	400	188	437	450	438	416
308	4	2	10	2	172	415	416	185	438	188	351	420	339	340
309	4	2	10	2	212	391	392	213	414	188	397	455	400	399
310	4	2	10	2	288	297	295	289	380	138	291	456	292	293
311	4	2	10	2	247	252	254	261	263	91	430	453	431	433
312	4	2	10	2	247	249	250	252	253	254	430	451	453	433
313	4	3	24	3	527	533	534	526	535	536	537	538	539	512	540	541	542	543	544	545	546	547	548	486
314	4	3	24	3	527	549	550	528	551	552	553	554	555	487	556	557	558	559	560	561	562	563	564	511
315	4	3	24	3	487	554	551	527	565	566	567	568	569	466	555	552	549	570	571	572	553	550	573	528
316	4	3	24	3	525	574	575	514	576	577	578	579	580	513	581	582	583	584	585	586	587	588	589	484
317	4	3	24	3	526	590	591	513	592	593	594	595	596	474	597	598	586	599	600	601	602	589	603	484
318	4	3	24	3	526	604	605	465	606	607	608	609	610	501	611	612	613	614	615	616	617	618	619	500
319	4	3	24	3	527	533	534	526	540	541	542	546	547	486	620	621	604	622	623	624	625	605	626	465
320	4	3	24	3	526	592	595	474	590	593	596	591	594	513	537	627	628	629	630	631	539	632	633	512
321	4	3	24	3	523	634	635	497	636	637	638	639	640	522	641	642	643	644	645	646	647	648	649	482
322	4	3	24	3	523	636	639	522	650	651	652	653	654	516	641	644	646	655	656	657	647	649	658	482
323	4	3	24	3	524	659	660	463	661	662	663	664	665	499	666	667	668	669	670	671	672	673	674	498
324	4	3	24	3	524	661	664	499	659	662	665	660	663	463	675	676	677	678	679	680	681	682	683	532
325	4	3	24	3	524	684	685	514	675	686	687	681	688	532	689	690	691	692	693	694	695	696	697	475
326	4	3	24	3	522	698	699	461	640	700	701	638	702	497	703	704	705	706	707	708	709	710	711	496
327	4	3	24	3	522	640	638	497	698	700	702	699	701	461	646	645	643	712	713	714	649	648	715	482
328	4	3	24	3	522	716	717	521	718	719	720	721	722	517	723	724	725	726	727	728	729	730	731	481
329	4	3	24	3	521	732	733	495	734	735	736	737	738	529	739	740	741	742	743	744	745	746	747	488
330	4	3	24	3	521	748	749	478	720	750	751	722	752	517	725	753	754	727	755	728	730	756	731	481
331	4	3	24	3	521	757	758	496	759	760	761	762	763	460	725	764	765	766	767	768	730	769	770	481
332	4	3	24	3	521	734	737	529	771	772	773	774	775	518	739	742	744	776	777	778	745	747	779	488
333	4	3	24	3	529	744	747	488	780	781	782	783	784	519	773	777	779	785	786	787	775	778	788	518
334	4	3	24	3	529	780	783	519	789	790	791	792	793	492	773	785	787	794	795	796	775	788	797	518
335	4	3	24	3	529	798	799	504	744	800	801	747	802	488	738	803	804	743	805	746	736	806	741	495
336	4	3	24	3	529	798	799	504	738	803	804	736	806	495	807	808	809	810	811	812	813	814	815	491
337	4	3	24	3	531	816	817	503	818	819	820	821	822	467	823	824	825	826	827	828	829	830	831	505
338	4	3	24	3	467	821	818	531	832	833	834	835	836	528	822	819	816	837	838	839	820	817	840	503
339	4	3	24	3	531	841	842	530	843	844	845	846	847	489	834	848	849	850	851	852	836	853	854	528
340	4	3	24	3	522	716	717	521	723	724	725	729	730	481	703	855	757	856	764	769	709	758	765	496
341	4	3	24	3	530	857	858	469	859	860	861	862	863	507	845	864	865	866	867	868	847	869	870	489
342	4	3	24	3	530	871	872	510	873	874	875	876	877	520	878	879	880	881	882	883	884	885	886	490
343	4	3	24	3	530	859	862	507	857	860	863	858	861	469	887	888	889	890	891	892	893	894	895	509
344	4	3	24	3	530	849	853	528	871	896	897	872	898	510	899	900	553	901	902	903	904	555	905	487
345	4	3	24	3	487	904	899	530	906	907	845	908	847	489	909	910	878	911	912	913	914	884	915	490
346	4	3	24	3	489	916	917	467	846	918	821	843	818	531	852	919	832	850	833	834	854	835	836	528
347	4	3	24	3	527	567	569	466	920	921	922	923	924	501	620	925	926	927	928	610	625	929	608	465
348	4	3	24	3	530	871	872	510	930	931	932	933	934	506	873	874	875	935	936	937	876	877	938	520
349	4	3	24	3	527	540	546	486	556	939	940	562	941	511	551	942	943	559	944	564	554	945	561	487
350	4	3	24	3	531	946	947	508	843	948	949	846	950	489	951	952	953	954	955	870	956	957	868	507
351	4	3	24	3	467	958	959	466	960	961	962	963	964	502	832	965	572	966	967	968	835	573	969	528
352	4	3	24	3	522	718	721	517	652	970	971	654	972	516	723	726	728	973	974	975	729	731	976	481
353	4	3	24	3	516	977	978	515	657	979	980	658	981	482	982	983	984	985	986	987	988	989	990	477
354	4	3	24	3	524	991	992	476	993	994	995	996	997	515	684	998	999	1000	1001	1002	685	1003	1004	514
355	4	3	24	3	516	982	988	477	975	1005	1006	976	1007	481	972	1008	1009	974	1010	731	971	1011	728	517
356	4	3	24	3	523	1012	1013	515	641	1014	980	647	981	482	650	1015	978	655	979	658	653	977	657	516
357	4	3	24	3	514	578	580	513	583	585	586	588	589	484	691	1016	1017	1018	1019	1020	696	1021	1022	475
358	4	3	24	3	524	991	992	476	689	1023	1024	695	1025	475	1026	1027	1028	1029	1030	1031	1032	1033	1034	483
359	4	3	24	3	525	1035	1036	532	1037	1038	681	1039	675	524	574	1040	688	1041	686	684	575	687	685	514
360	4	3	24	3	513	1017	1021	475	594	1042	1043	596	1044	474	586	1019	1022	600	1045	601	589	1020	603	484
361	4	3	24	3	525	1046	1047	526	1048	1049	611	1050	617	500	581	1051	597	1052	1053	1054	587	602	1055	484
362	4	3	24	3	526	1056	1057	485	597	1058	1059	602	1060	484	592	1061	1062	599	1063	603	595	1064	601	474
363	4	3	24	3	525	1037	1039	524	1035	1038	675	1036	681	532	1065	1066	661	1067	676	682	1068	664	677	499
364	4	3	24	3	527	533	534	526	620	621	604	625	605	465	920	1069	606	927	607	608	923	609	610	501
365	4	3	24	3	512	1070	1071	473	1072	1073	1074	1075	1076	511	545	1077	1078	1079	1080	941	548	1081	940	486
366	4	3	24	3	527	556	562	511	540	939	941	546	940	486	535	1082	1075	543	1079	548	538	1072	545	512
367	4	3	24	3	526	537	539	512	542	544	545	547	548	486	1056	1083	1084	1085	1086	1087	1057	1088	1089	485
368	4	3	24	3	529	780	783	519	744	781	784	747	782	488	1090	1091	1092	1093	1094	1095	1096	1097	1098	493
369	4	3	24	3	519	791	793	492	1099	1100	1101	1102	1103	470	1092	1104	1105	1106	1107	1108	1097	1109	1110	493
370	4	3	24	3	519	787	788	518	784	786	778	782	779	488	1111	1112	1113	1114	1115	1116	1117	1118	1119	479
371	4	3	24	3	530	887	893	509	873	1120	1121	876	1122	520	930	1123	1124	935	1125	938	933	1126	937	506
372	4	3	24	3	530	930	933	506	859	1127	1128	862	1129	507	887	1123	1126	888	1130	889	893	1124	894	509
373	4	3	24	3	530	878	884	490	899	910	914	904	909	487	871	879	885	901	1131	905	872	880	903	510
374	4	3	24	3	520	938	937	506	1122	1125	1126	1121	1124	509	1132	1133	1134	1135	1136	1137	1138	1139	1140	468
375	4	3	24	3	521	748	749	478	771	1141	1142	774	1143	518	720	750	751	1144	1145	1146	722	752	1147	517
376	4	3	24	3	522	652	654	516	646	656	657	649	658	482	723	973	975	1148	1149	1150	729	976	1151	481
377	4	3	24	3	521	771	774	518	1152	1153	1113	1154	1118	479	739	776	778	1155	1115	1119	745	779	1116	488
378	4	3	24	3	531	946	947	508	1156	1157	1158	1159	1160	494	823	1161	1162	1163	1164	1165	829	1166	1167	505
379	4	3	24	3	508	1168	1169	458	1158	1170	1171	1160	1172	494	1162	1173	1174	1164	1175	1165	1166	1176	1167	505
380	4	3	24	3	508	953	957	507	1177	1178	863	1179	861	469	949	955	868	1180	867	865	950	870	869	489
381	4	3	24	3	520	883	886	490	1132	1181	1182	1138	1183	468	1122	1184	1185	1135	1186	1140	1121	1187	1137	509
382	4	3	24	3	531	816	817	503	823	824	825	829	830	505	1156	1188	1189	1163	1190	1167	1159	1191	1165	494
383	4	3	24	3	531	946	947	508	823	1161	1162	829	1166	505	843	948	949	1192	1193	1194	846	950	1195	489
384	4	3	24	3	525	1046	1047	526	581	1051	597	587	602	484	576	1196	590	584	598	589	579	591	586	513
385	4	3	24	3	530	887	893	509	878	1197	1187	884	1185	490	873	1120	1121	881	1184	886	876	1122	883	520
386	4	3	24	3	528	835	832	467	839	837	822	840	820	503	969	966	960	1198	1199	1200	968	963	1201	502
387	4	3	24	3	526	604	605	465	611	612	613	617	618	500	1056	1202	1203	1204	1205	1206	1057	1207	1208	485
388	4	3	24	3	500	1209	1210	499	1054	1211	1212	1055	1213	484	1214	1215	1216	1217	1218	1219	1220	1221	1222	464
389	4	3	24	3	527	567	569	466	1223	1224	962	1225	964	502	920	921	922	1226	1227	1228	923	924	1229	501
390	4	3	24	3	526	592	595	474	537	627	628	539	632	512	1056	1061	1064	1083	1230	1084	1057	1062	1088	485
391	4	3	24	3	524	659	660	463	666	667	668	672	673	498	1026	1231	1232	1233	1234	1235	1032	1236	1237	483
392	4	3	24	3	524	993	996	515	991	994	997	992	995	476	1238	1239	980	1240	1241	1242	1243	981	1244	482
393	4	3	24	3	499	1216	1221	464	665	1245	1246	663	1247	463	1212	1218	1222	1248	1249	1250	1213	1219	1251	484
394	4	3	24	3	498	1252	1253	497	1254	1255	643	1256	648	482	1257	1258	1259	1260	1261	1262	1263	1264	1265	462
395	4	3	24	3	498	673	668	463	1257	1266	1267	1263	1268	462	1235	1234	1232	1269	1270	1271	1237	1236	1272	483
396	4	3	24	3	504	1273	1274	457	809	1275	1276	814	1277	491	1278	1279	1280	1281	1282	1283	1284	1285	1286	493
397	4	3	24	3	504	804	806	495	1287	1288	1289	1290	1291	459	801	805	741	1292	1293	1294	802	746	1295	488
398	4	3	24	3	521	771	774	518	748	1141	1143	749	1142	478	1152	1153	1113	1296	1297	1298	1154	1118	1299	479
399	4	3	24	3	531	1156	1159	494	946	1157	1160	947	1158	508	951	1300	1301	952	1302	953	956	1303	957	507
400	4	3	24	3	531	841	842	530	951	1304	859	956	862	507	843	844	845	954	866	868	846	847	870	489
401	4	3	24	3	508	1168	1169	458	1162	1173	1174	1166	1176	505	949	1305	1306	1193	1307	1194	950	1308	1195	489
402	4	3	24	3	531	843	846	489	823	1192	1195	829	1194	505	818	918	916	826	1309	831	821	917	828	467
403	4	3	24	3	525	1035	1036	532	581	1310	1311	587	1312	484	1065	1067	682	1313	1314	1213	1068	677	1212	499
404	4	3	24	3	526	604	605	465	1056	1202	1203	1057	1207	485	542	623	626	1085	1315	1089	547	624	1087	486
405	4	3	24	3	486	943	945	487	546	942	554	540	551	527	1316	1317	565	1318	566	567	1319	568	569	466
406	4	3	24	3	509	895	892	469	1187	1320	1321	1185	1322	490	1137	1323	1324	1186	1325	1182	1140	1326	1183	468
407	4	3	24	3	530	857	858	469	845	864	865	847	869	489	878	1327	1321	912	1328	913	884	1322	915	490
408	4	3	24	3	508	1168	1169	458	949	1305	1306	950	1308	489	1177	1329	1330	1180	1331	869	1179	1332	865	469
409	4	3	24	3	522	698	699	461	703	704	705	709	710	496	723	1333	1334	856	1335	765	729	1336	769	481
410	4	3	24	3	528	553	555	487	558	560	561	563	564	511	897	902	905	1337	1338	1339	898	903	1340	510
411	4	3	24	3	498	1235	1237	483	1257	1269	1272	1263	1271	462	1254	1341	1342	1260	1343	1265	1256	1344	1262	482
412	4	3	24	3	523	634	635	497	641	642	643	647	648	482	1345	1346	1253	1347	1255	1256	1348	1252	1254	498
413	4	3	24	3	523	641	647	482	1349	1350	1243	1351	1238	524	1345	1347	1256	1352	1353	666	1348	1254	672	498
414	4	3	24	3	529	1090	1096	493	798	1354	1284	799	1278	504	807	1355	1286	808	1281	809	813	1283	814	491
415	4	3	24	3	504	1273	1274	457	1278	1279	1280	1284	1285	493	801	1356	1357	1358	1359	1098	802	1360	1095	488
416	4	3	24	3	521	1361	1362	480	725	1363	1364	730	1365	481	759	1366	1367	766	1368	770	762	1369	768	460
417	4	3	24	3	529	780	783	519	1090	1091	1092	1096	1097	493	789	790	791	1370	1104	1109	792	793	1105	492
418	4	3	24	3	519	784	782	488	1092	1094	1095	1097	1098	493	1099	1371	1372	1106	1373	1110	1102	1374	1108	470
419	4	3	24	3	521	1361	1362	480	1152	1375	1376	1154	1377	479	748	1378	1379	1296	1380	1299	749	1381	1298	478
420	4	3	24	3	524	1238	1243	482	1026	1382	1344	1032	1342	483	666	1353	1256	1233	1341	1237	672	1254	1235	498
421	4	3	24	3	525	1035	1036	532	574	1040	688	575	687	514	581	1310	1311	582	1383	583	587	1312	588	484
422	4	3	24	3	514	583	588	484	687	1383	1312	688	1311	532	691	1018	1020	693	1384	694	696	1022	697	475
423	4	3	24	3	523	1349	1351	524	641	1350	1238	647	1243	482	1012	1385	993	1014	1239	981	1013	996	980	515
424	4	3	24	3	511	1076	1074	473	1386	1387	1388	1389	1390	472	941	1080	1078	1391	1392	1393	940	1081	1394	486
425	4	3	24	3	528	573	572	466	553	570	568	555	565	487	835	965	959	1395	1396	1397	832	958	1398	467
426	4	3	24	3	505	831	828	467	1194	1309	917	1195	916	489	1176	1399	1400	1307	1401	1308	1174	1402	1306	458
427	4	3	24	3	510	903	905	487	1403	1404	1405	1406	1407	472	1408	1409	1410	1411	1412	1413	1414	1415	1416	471
428	4	3	24	3	512	1084	1088	485	632	1230	1062	628	1064	474	1070	1417	1418	1419	1420	1421	1071	1422	1423	473
429	4	3	24	3	527	567	569	466	620	925	926	625	929	465	540	1318	1319	622	1424	626	546	1316	624	486
430	4	3	24	3	526	611	617	500	597	1053	1054	602	1055	484	1056	1204	1206	1058	1425	1060	1057	1208	1059	485
431	4	3	24	3	500	1206	1208	485	1214	1426	1427	1220	1428	464	1054	1425	1059	1217	1429	1222	1055	1060	1219	484
432	4	3	24	3	524	991	992	476	684	998	999	685	1003	514	689	1023	1024	690	1430	691	695	1025	696	475
433	4	3	24	3	521	732	733	495	739	740	741	745	746	488	1361	1431	1432	1433	1434	1435	1362	1436	1437	480
434	4	3	24	3	529	798	799	504	1090	1354	1278	1096	1284	493	744	800	801	1093	1358	1098	747	802	1095	488
435	4	3	24	3	521	732	733	495	759	1438	1439	762	1440	460	757	1441	1442	760	1443	763	758	1444	761	496
436	4	3	24	3	497	702	701	461	643	713	714	648	715	482	1259	1445	1446	1261	1447	1262	1264	1448	1265	462
437	4	3	24	3	524	1026	1032	483	689	1029	1034	695	1031	475	675	1449	1450	692	1451	697	681	1452	694	532
438	4	3	24	3	516	657	658	482	975	1149	1150	976	1151	481	982	985	987	1005	1453	1007	988	990	1006	477
439	4	3	24	3	527	549	550	528	1223	1454	969	1225	968	502	567	571	573	1224	967	964	569	572	962	466
440	4	3	24	3	525	1048	1050	500	1065	1455	1209	1068	1210	499	581	1052	1054	1313	1211	1212	587	1055	1213	484
441	4	3	24	3	500	1206	1208	485	618	1205	1207	613	1203	465	1214	1426	1427	1456	1457	1458	1220	1428	1459	464
442	4	3	24	3	512	1070	1071	473	545	1077	1078	548	1081	486	1084	1417	1422	1086	1460	1087	1088	1418	1089	485
443	4	3	24	3	499	677	682	532	1212	1314	1311	1213	1312	484	665	679	683	1248	1461	1251	663	680	1250	463
444	4	3	24	3	475	1022	1020	484	697	1384	1312	694	1311	532	1031	1462	1463	1451	1464	1452	1034	1465	1450	483
445	4	3	24	3	524	1026	1032	483	1238	1382	1342	1243	1344	482	991	1027	1033	1240	1466	1244	992	1028	1242	476
446	4	3	24	3	483	1465	1463	484	1450	1464	1312	1452	1311	532	1236	1467	1251	1468	1461	683	1232	1250	680	463
447	4	3	24	3	511	1386	1389	472	564	1469	1407	561	1405	487	941	1391	1393	944	1470	945	940	1394	943	486
448	4	3	24	3	521	732	733	495	1361	1431	1432	1362	1436	480	759	1438	1439	1366	1471	1367	762	1440	1369	460
449	4	3	24	3	529	1090	1096	493	807	1355	1286	813	1283	491	789	1370	1109	1472	1473	1474	792	1105	1475	492
450	4	3	24	3	496	710	705	461	761	1476	1477	763	1478	460	765	1335	1334	767	1479	768	769	1336	770	481
451	4	3	24	3	524	1026	1032	483	675	1449	1450	681	1452	532	659	1231	1236	678	1468	683	660	1232	680	463
452	4	3	24	3	522	723	729	481	646	1148	1151	649	1150	482	698	1333	1336	712	1480	715	699	1334	714	461
453	4	3	24	3	517	728	731	481	752	755	756	751	754	478	1011	1010	1007	1481	1482	1483	1009	1006	1484	477
454	4	3	24	3	493	1110	1108	470	1098	1373	1374	1095	1372	488	1285	1485	1486	1359	1487	1360	1280	1488	1357	457
455	4	3	24	3	495	1439	1440	460	1289	1489	1490	1291	1491	459	1432	1471	1369	1492	1493	1494	1436	1367	1495	480
456	4	3	24	3	511	1386	1389	472	1339	1496	1406	1340	1403	510	564	1469	1407	1338	1404	903	561	1405	905	487
457	4	3	24	3	530	878	884	490	887	1197	1185	893	1187	509	857	1327	1322	890	1320	895	858	1321	892	469
458	4	3	24	3	528	553	555	487	853	900	904	849	899	530	854	1497	906	851	907	845	852	908	847	489
459	4	3	24	3	528	835	832	467	553	1395	1398	555	1397	487	854	919	917	1497	1498	906	852	916	908	489
460	4	3	24	3	520	1499	1500	471	1132	1501	1502	1138	1503	468	883	1504	1505	1181	1506	1183	886	1507	1182	490
461	4	3	24	3	521	748	749	478	725	753	754	730	756	481	1361	1378	1381	1363	1508	1365	1362	1379	1364	480
462	4	3	24	3	519	784	782	488	1099	1371	1372	1102	1374	470	1111	1114	1116	1509	1510	1511	1117	1119	1512	479
463	4	3	24	3	495	1289	1291	459	741	1293	1294	746	1295	488	1432	1492	1494	1434	1513	1435	1436	1495	1437	480
464	4	3	24	3	521	1361	1362	480	739	1433	1437	745	1435	488	1152	1375	1376	1155	1514	1116	1154	1377	1119	479
465	4	3	24	3	504	1273	1274	457	801	1356	1357	802	1360	488	1287	1515	1516	1292	1517	1295	1290	1518	1294	459
466	4	3	24	3	515	997	995	476	980	1241	1242	981	1244	482	984	1519	1520	986	1521	987	989	1522	990	477
467	4	3	24	3	510	880	885	490	903	1131	914	905	909	487	1408	1523	1507	1409	1524	1410	1414	1505	1415	471
468	4	3	24	3	510	875	877	520	880	882	883	885	886	490	1408	1525	1499	1523	1504	1507	1414	1500	1505	471
469	5	1	8	4	1526	1527	1529	1528	1530	1531	1533	1532
470	5	1	8	4	1530	1531	1533	1532	1534	1535	1537	1536
471	5	1	8	4	1534	1535	1537	1536	1538	1539	1541	1540
472	5	1	8	4	1538	1539	1541	1540	1542	1543	1545	1544
473	5	1	8	4	1542	1543	1545	1544	1546	1547	1549	1548
474	5	1	8	4	1546	1547	1549	1548	1550	1551	1553	1552
475	5	1	8	4	1550	1551	1553	1552	1554	1555	1557	1556
476	5	1	8	4	1554	1555	1557	1556	1558	1559	1561	1560
477	5	1	8	4	1558	1559	1561	1560	1562	1563	1565	1564
478	5	1	8	4	1562	1563	1565	1564	1566	1567	1569	1568
479	5	2	27	5	1570	1614	1571	1615	1626	1616	1573	1617	1572	1618	1627	1619	1628	1632	1629	1621	1630	1620	1574	1622	1575	1623	1631	1624	1577	1625	1576
480	5	2	27	5	1574	1622	1575	1623	1631	1624	1577	1625	1576	1633	1641	1634	1642	1646	1643	1636	1644	1635	1578	1637	1579	1638	1645	1639	1581	1640	1580
481	5	2	27	5	1578	1637	1579	1638	1645	1639	1581	1640	1580	1647	1655	1648	1656	1660	1657	1650	1658	1649	1582	1651	1583	1652	1659	1653	1585	1654	1584
482	5	2	27	5	1582	1651	1583	1652	1659	1653	1585	1654	1584	1661	1669	1662	1670	1674	1671	1664	1672	1663	1586	1665	1587	1666	1673	1667	1589	1668	1588
483	5	2	27	5	1586	1665	1587	1666	1673	1667	1589	1668	1588	1675	1683	1676	1684	1688	1685	1678	1686	1677	1590	1679	1591	1680	1687	1681	1593	1682	1592
484	5	2	27	5	1590	1679	1591	1680	1687	1681	1593	1682	1592	1689	1697	1690	1698	1702	1699	1692	1700	1691	1594	1693	1595	1694	1701	1695	1597	1696	1596
485	5	2	27	5	1594	1693	1595	1694	1701	1695	1597	1696	1596	1703	1711	1704	1712	1716	1713	1706	1714	1705	1598	1707	1599	1708	1715	1709	1601	1710	1600
486	5	2	27	5	1598	1707	1599	1708	1715	1709	1601	1710	1600	1717	1725	1718	1726	1730	1727	1720	1728	1719	1602	1721	1603	1722	1729	1723	1605	1724	1604
487	5	2	27	5	1602	1721	1603	1722	1729	1723	1605	1724	1604	1731	1739	1732	1740	1744	1741	1734	1742	1733	1606	1735	1607	1736	1743	1737	1609	1738	1608
488	5	2	27	5	1606	1735	1607	1736	1743	1737	1609	1738	1608	1745	1753	1746	1754	1758	1755	1748	1756	1747	1610	1749	1611	1750	1757	1751	1613	1752	1612
489	5	3	64	6	1759	1803	1804	1760	1805	1843	1844	1807	1806	1845	1846	1808	1762	1809	1810	1761	1811	1827	1828	1813	1829	1851	1852	1831	1830	1853	1854	1832	1817	1833	1834	1815	1812	1835	1836	1814	1837	1855	1856	1839	1838	1857	1858	1840	1818	1841	1842	1816	1763	1819	1820	1764	1821	1847	1848	1823	1822	1849	1850	1824	1766	1825	1826	1765
490	5	3	64	6	1763	1819	1820	1764	1821	1847	1848	1823	1822	1849	1850	1824	1766	1825	1826	1765	1859	1875	1876	1861	1877	1895	1896	1879	1878	1897	1898	1880	1865	1881	1882	1863	1860	1883	1884	1862	1885	1899	1900	1887	1886	1901	1902	1888	1866	1889	1890	1864	1767	1867	1868	1768	1869	1891	1892	1871	1870	1893	1894	1872	1770	1873	1874	1769
491	5	3	64	6	1767	1867	1868	1768	1869	1891	1892	1871	1870	1893	1894	1872	1770	1873	1874	1769	1903	1919	1920	1905	1921	1939	1940	1923	1922	1941	1942	1924	1909	1925	1926	1907	1904	1927	1928	1906	1929	1943	1944	1931	1930	1945	1946	1932	1910	1933	1934	1908	1771	1911	1912	1772	1913	1935	1936	1915	1914	1937	1938	1916	1774	1917	1918	1773
492	5	3	64	6	1771	1911	1912	1772	1913	1935	1936	1915	1914	1937	1938	1916	1774	1917	1918	1773	1947	1963	1964	1949	1965	1983	1984	1967	1966	1985	1986	1968	1953	1969	1970	1951	1948	1971	1972	1950	1973	1987	1988	1975	1974	1989	1990	1976	1954	1977	1978	1952	1775	1955	1956	1776	1957	1979	1980	1959	1958	1981	1982	1960	1778	1961	1962	1777
493	5	3	64	6	1775	1955	1956	1776	1957	1979	1980	1959	1958	1981	1982	1960	1778	1961	1962	1777	1991	2007	2008	1993	2009	2027	2028	2011	2010	2029	2030	2012	1997	2013	2014	1995	1992	2015	2016	1994	2017	2031	2032	2019	2018	2033	2034	2020	1998	2021	2022	1996	1779	1999	2000	1780	2001	2023	2024	2003	2002	2025	2026	2004	1782	2005	2006	1781
494	5	3	64	6	1779	1999	2000	1780	2001	2023	2024	2003	2002	2025	2026	2004	1782	2005	2006	1781	2035	2051	2052	2037	2053	2071	2072	2055	2054	2073	2074	2056	2041	2057	2058	2039	2036	2059	2060	2038	2061	2075	2076	2063	2062	2077	2078	2064	2042	2065	2066	2040	1783	2043	2044	1784	2045	2067	2068	2047	2046	2069	2070	2048	1786	2049	2050	1785
495	5	3	64	6	1783	2043	2044	1784	2045	2067	2068	2047	2046	2069	2070	2048	1786	2049	2050	1785	2079	2095	2096	2081	2097	2115	2116	2099	2098	2117	2118	2100	2085	2101	2102	2083	2080	2103	2104	2082	2105	2119	2120	2107	2106	2121	2122	2108	2086	2109	2110	2084	1787	2087	2088	1788	2089	2111	2112	2091	2090	2113	2114	2092	1790	2093	2094	1789
496	5	3	64	6	1787	2087	2088	1788	2089	2111	2112	2091	2090	2113	2114	2092	1790	2093	2094	1789	2123	2139	2140	2125	2141	2159	2160	2143	2142	2161	2162	2144	2129	2145	2146	2127	2124	2147	2148	2126	2149	2163	2164	2151	2150	2165	2166	2152	2130	2153	2154	2128	1791	2131	2132	1792	2133	2155	2156	2135	2134	2157	2158	2136	1794	2137	2138	1793
497	5	3	64	6	1791	2131	2132	1792	2133	2155	2156	2135	2134	2157	2158	2136	1794	2137	2138	1793	2167	2183	2184	2169	2185	2203	2204	2187	2186	2205	2206	2188	2173	2189	2190	2171	2168	2191	2192	2170	2193	2207	2208	2195	2194	2209	2210	2196	2174	2197	2198	2172	1795	2175	2176	1796	2177	2199	2200	2179	2178	2201	2202	2180	1798	2181	2182	1797
498	5	3	64	6	1795	2175	2176	1796	2177	2199	2200	2179	2178	2201	2202	2180	1798	2181	2182	1797	2211	2227	2228	2213	2229	2247	2248	2231	2230	2249	2250	2232	2217	2233	2234	2215	2212	2235	2236	2214	2237	2251	2252	2239	2238	2253	2254	2240	2218	2241	2242	2216	1799	2219	2220	1800	2221	2243	2244	2223	2222	2245	2246	2224	1802	2225	2226	1801
499	6	1	0	7	2255	2256	2258	2259	2260	2262																																		
500	6	1	0	7	2256	2257	2258	2260	2261	2262																																		
501	6	1	0	7	2259	2260	2262	2263	2264	2266																																		
502	6	1	0	7	2260	2261	2262	2264	2265	2266																																		
503	6	1	0	7	2263	2264	2266	2267	2268	2270																																		
504	6	1	0	7	2264	2265	2266	2268	2269	2270																																		
505	6	1	0	7	2267	2268	2270	2271	2272	2274																																		
506	6	1	0	7	2268	2269	2270	2272	2273	2274																																		
507	6	1	0	7	2271	2272	2274	2275	2276	2278																																		
508	6	1	0	7	2272	2273	2274	2276	2277	2278																																		
509	6	1	0	7	2275	2276	2278	2279	2280	2282																																		
510	6	1	0	7	2276	2277	2278	2280	2281	2282																																		
511	6	1	0	7	2279	2280	2282	2283	2284	2286																																		
512	6	1	0	7	2280	2281	2282	2284	2285	2286																																		
513	6	1	0	7	2283	2284	2286	2287	2288	2290																																		
514	6	1	0	7	2284	2285	2286	2288	2289	2290																																		
515	6	1	0	7	2287	2288	2290	2291	2292	2294																																		
516	6	1	0	7	2288	2289	2290	2292	2293	2294																																		
517	6	1	0	7	2291	2292	2294	2295	2296	2298																																		
518	6	1	0	7	2292	2293	2294	2296	2297	2298																																		
519	6	1	0	8	2299	2300	2343	2301	2302	2344
520	6	1	0	8	2343	2304	2303	2344	2306	2305
521	6	1	0	8	2303	2304	2308	2305	2306	2310																																		
522	6	1	0	8	2303	2308	2307	2305	2310	2309																																		
523	6	1	0	8	2307	2308	2312	2309	2310	2314																																		
524	6	1	0	8	2307	2312	2311	2309	2314	2313																																		
525	6	1	0	8	2311	2312	2316	2313	2314	2318																																		
526	6	1	0	8	2311	2316	2315	2313	2318	2317																																		
527	6	1	0	8	2315	2316	2320	2317	2318	2322																																		
528	6	1	0	8	2315	2320	2319	2317	2322	2321																																		
529	6	1	0	8	2319	2320	2324	2321	2322	2326																																		
530	6	1	0	8	2319	2324	2323	2321	2326	2325																																		
531	6	1	0	8	2323	2324	2328	2325	2326	2330																																		
532	6	1	0	8	2323	2328	2327	2325	2330	2329																																		
533	6	1	0	8	2327	2328	2332	2329	2330	2334																																		
534	6	1	0	8	2327	2332	2331	2329	2334	2333																																		
535	6	1	0	8	2331	2332	2336	2333	2334	2338																																		
536	6	1	0	8	2331	2336	2335	2333	2338	2337																																		
537	6	1	0	8	2335	2336	2340	2337	2338	2342																																		
538	6	1	0	8	2335	2340	2339	2337	2342	2341																																		
539	6	1	0	8	2300	2304	2343	2302	2306	2344																																		
540	6	1	0	8	2303	2299	2343	2305	2301	2344																																		
541	6	2	0	9	2345	2392	2346	2394	2393	2348	2389	2398	2390	2400	2399	2391	2349	2395	2350	2397	2396	2352																						
542	6	2	0	9	2346	2402	2347	2393	2403	2348	2390	2406	2401	2399	2407	2391	2350	2404	2351	2396	2405	2352																						
543	6	2	0	9	2349	2395	2350	2397	2396	2352	2408	2414	2409	2416	2415	2410	2353	2411	2354	2413	2412	2356																						
544	6	2	0	9	2350	2404	2351	2396	2405	2352	2409	2420	2417	2415	2421	2410	2354	2418	2355	2412	2419	2356																						
545	6	2	0	9	2353	2411	2354	2413	2412	2356	2422	2428	2423	2430	2429	2424	2357	2425	2358	2427	2426	2360																						
546	6	2	0	9	2354	2418	2355	2412	2419	2356	2423	2434	2431	2429	2435	2424	2358	2432	2359	2426	2433	2360																						
547	6	2	0	9	2357	2425	2358	2427	2426	2360	2436	2442	2437	2444	2443	2438	2361	2439	2362	2441	2440	2364																						
548	6	2	0	9	2358	2432	2359	2426	2433	2360	2437	2448	2445	2443	2449	2438	2362	2446	2363	2440	2447	2364																						
549	6	2	0	9	2361	2439	2362	2441	2440	2364	2450	2456	2451	2458	2457	2452	2365	2453	2366	2455	2454	2368																						
550	6	2	0	9	2362	2446	2363	2440	2447	2364	2451	2462	2459	2457	2463	2452	2366	2460	2367	2454	2461	2368																						
551	6	2	0	9	2365	2453	2366	2455	2454	2368	2464	2470	2465	2472	2471	2466	2369	2467	2370	2469	2468	2372																						
552	6	2	0	9	2366	2460	2367	2454	2461	2368	2465	2476	2473	2471	2477	2466	2370	2474	2371	2468	2475	2372																						
553	6	2	0	9	2369	2467	2370	2469	2468	2372	2478	2484	2479	2486	2485	2480	2373	2481	2374	2483	2482	2376																						
554	6	2	0	9	2370	2474	2371	2468	2475	2372	2479	2490	2487	2485	2491	2480	2374	2488	2375	2482	2489	2376																						
555	6	2	0	9	2373	2481	2374	2483	2482	2376	2492	2498	2493	2500	2499	2494	2377	2495	2378	2497	2496	2380																						
556	6	2	0	9	2374	2488	2375	2482	2489	2376	2493	2504	2501	2499	2505	2494	2378	2502	2379	2496	2503	2380																						
557	6	2	0	9	2377	2495	2378	2497	2496	2380	2506	2512	2507	2514	2513	2508	2381	2509	2382	2511	2510	2384																						
558	6	2	0	9	2378	2502	2379	2496	2503	2380	2507	2518	2515	2513	2519	2508	2382	2516	2383	2510	2517	2384																						
559	6	2	0	9	2381	2509	2382	2511	2510	2384	2520	2526	2521	2528	2527	2522	2385	2523	2386	2525	2524	2388																						
560	6	2	0	9	2382	2516	2383	2510	2517	2384	2521	2532	2529	2527	2533	2522	2386	2530	2387	2524	2531	2388																						
561	6	2	0	10	2534	2581	2535	2583	2582	2539	2578	2587	2579	2589	2588	2580	2536	2584	2537	2586	2585	2541																						
562	6	2	0	10	2534	2583	2539	2592	2591	2538	2578	2589	2580	2596	2595	2590	2536	2586	2541	2594	2593	2540																						
563	6	2	0	10	2538	2591	2539	2599	2598	2543	2590	2595	2580	2603	2602	2597	2540	2593	2541	2601	2600	2545																						
564	6	2	0	10	2538	2599	2543	2606	2605	2542	2590	2603	2597	2610	2609	2604	2540	2601	2545	2608	2607	2544																						
565	6	2	0	10	2542	2605	2543	2613	2612	2547	2604	2609	2597	2617	2616	2611	2544	2607	2545	2615	2614	2549																						
566	6	2	0	10	2542	2613	2547	2620	2619	2546	2604	2617	2611	2624	2623	2618	2544	2615	2549	2622	2621	2548																						
567	6	2	0	10	2546	2619	2547	2627	2626	2551	2618	2623	2611	2631	2630	2625	2548	2621	2549	2629	2628	2553																						
568	6	2	0	10	2546	2627	2551	2634	2633	2550	2618	2631	2625	2638	2637	2632	2548	2629	2553	2636	2635	2552																						
569	6	2	0	10	2550	2633	2551	2641	2640	2555	2632	2637	2625	2645	2644	2639	2552	2635	2553	2643	2642	2557																						
570	6	2	0	10	2550	2641	2555	2648	2647	2554	2632	2645	2639	2652	2651	2646	2552	2643	2557	2650	2649	2556																						
571	6	2	0	10	2554	2647	2555	2655	2654	2559	2646	2651	2639	2659	2658	2653	2556	2649	2557	2657	2656	2561																						
572	6	2	0	10	2554	2655	2559	2662	2661	2558	2646	2659	2653	2666	2665	2660	2556	2657	2561	2664	2663	2560																						
573	6	2	0	10	2558	2661	2559	2669	2668	2563	2660	2665	2653	2673	2672	2667	2560	2663	2561	2671	2670	2565																						
574	6	2	0	10	2558	2669	2563	2676	2675	2562	2660	2673	2667	2680	2679	2674	2560	2671	2565	2678	2677	2564																						
575	6	2	0	10	2562	2675	2563	2683	2682	2567	2674	2679	2667	2687	2686	2681	2564	2677	2565	2685	2684	2569																						
576	6	2	0	10	2562	2683	2567	2690	2689	2566	2674	2687	2681	2694	2693	2688	2564	2685	2569	2692	2691	2568																						
577	6	2	0	10	2566	2689	2567	2697	2696	2571	2688	2693	2681	2701	2700	2695	2568	2691	2569	2699	2698	2573																						
578	6	2	0	10	2566	2697	2571	2704	2703	2570	2688	2701	2695	2708	2707	2702	2568	2699	2573	2706	2705	2572																						
579	6	2	0	10	2570	2703	2571	2711	2710	2575	2702	2707	2695	2715	2714	2709	2572	2705	2573	2713	2712	2577																						
580	6	2	0	10	2570	2711	2575	2718	2717	2574	2702	2715	2709	2722	2721	2716	2572	2713	2577	2720	2719	2576																						
581	6	3	0	11	2723	2729	2730	2724	2734	2735	2731	2733	2732	2725	2743	2746	2747	2744	2751	2752	2748	2750	2749	2745	2753	2756	2757	2754	2761	2762	2758	2760	2759	2755	2726	2736	2737	2727	2741	2742	2738	2740	2739	2728
582	6	3	0	11	2723	2734	2733	2725	2768	2769	2765	2767	2766	2763	2743	2751	2750	2745	2779	2780	2776	2778	2777	2775	2753	2761	2760	2755	2785	2786	2782	2784	2783	2781	2726	2741	2740	2728	2773	2774	2770	2772	2771	2764
583	6	3	0	11	2726	2736	2737	2727	2741	2742	2738	2740	2739	2728	2797	2800	2801	2798	2805	2806	2802	2804	2803	2799	2807	2810	2811	2808	2815	2816	2812	2814	2813	2809	2787	2790	2791	2788	2795	2796	2792	2794	2793	2789
584	6	3	0	11	2726	2741	2740	2728	2773	2774	2770	2772	2771	2764	2797	2805	2804	2799	2827	2828	2824	2826	2825	2823	2807	2815	2814	2809	2833	2834	2830	2832	2831	2829	2787	2795	2794	2789	2821	2822	2818	2820	2819	2817
585	6	3	0	11	2787	2790	2791	2788	2795	2796	2792	2794	2793	2789	2845	2848	2849	2846	2853	2854	2850	2852	2851	2847	2855	2858	2859	2856	2863	2864	2860	2862	2861	2857	2835	2838	2839	2836	2843	2844	2840	2842	2841	2837
586	6	3	0	11	2787	2795	2794	2789	2821	2822	2818	2820	2819	2817	2845	2853	2852	2847	2875	2876	2872	2874	2873	2871	2855	2863	2862	2857	2881	2882	2878	2880	2879	2877	2835	2843	2842	2837	2869	2870	2866	2868	2867	2865
587	6	3	0	11	2835	2838	2839	2836	2843	2844	2840	2842	2841	2837	2893	2896	2897	2894	2901	2902	2898	2900	2899	2895	2903	2906	2907	2904	2911	2912	2908	2910	2909	2905	2883	2886	2887	2884	2891	2892	2888	2890	2889	2885
588	6	3	0	11	2835	2843	2842	2837	2869	2870	2866	2868	2867	2865	2893	2901	2900	2895	2923	2924	2920	2922	2921	2919	2903	2911	2910	2905	2929	2930	2926	2928	2927	2925	2883	2891	2890	2885	2917	2918	2914	2916	2915	2913
589	6	3	0	11	2883	2886	2887	2884	2891	2892	2888	2890	2889	2885	2941	2944	2945	2942	2949	2950	2946	2948	2947	2943	2951	2954	2955	2952	2959	2960	2956	2958	2957	2953	2931	2934	2935	2932	2939	2940	2936	2938	2937	2933
590	6	3	0	11	2883	2891	2890	2885	2917	2918	2914	2916	2915	2913	2941	2949	2948	2943	2971	2972	2968	2970	2969	2967	2951	2959	2958	2953	2977	2978	2974	2976	2975	2973	2931	2939	2938	2933	2965	2966	2962	2964	2963	2961
591	6	3	0	11	2931	2934	2935	2932	2939	2940	2936	2938	2937	2933	2989	2992	2993	2990	2997	2998	2994	2996	2995	2991	2999	3002	3003	3000	3007	3008	3004	3006	3005	3001	2979	2982	2983	2980	2987	2988	2984	2986	2985	2981
592	6	3	0	11	2931	2939	2938	2933	2965	2966	2962	2964	2963	2961	2989	2997	2996	2991	3019	3020	3016	3018	3017	3015	2999	3007	3006	3001	3025	3026	3022	3024	3023	3021	2979	2987	2986	2981	3013	3014	3010	3012	3011	3009
593	6	3	0	11	2979	2982	2983	2980	2987	2988	2984	2986	2985	2981	3037	3040	3041	3038	3045	3046	3042	3044	3043	3039	3047	3050	3051	3048	3055	3056	3052	3054	3053	3049	3027	3030	3031	3028	3035	3036	3032	3034	3033	3029
594	6	3	0	11	2979	2987	2986	2981	3013	3014	3010	3012	3011	3009	3037	3045	3044	3039	3067	3068	3064	3066	3065	3063	3047	3055	3054	3049	3073	3074	3070	3072	3071	3069	3027	3035	3034	3029	3061	3062	3058	3060	3059	3057
595	6	3	0	11	3027	3030	3031	3028	3035	3036	3032	3034	3033	3029	3085	3088	3089	3086	3093	3094	3090	3092	3091	3087	3095	3098	3099	3096	3103	3104	3100	3102	3101	3097	3075	3078	3079	3076	3083	3084	3080	3082	3081	3077
596	6	3	0	11	3027	3035	3034	3029	3061	3062	3058	3060	3059	3057	3085	3093	3092	3087	3115	3116	3112	3114	3113	3111	3095	3103	3102	3097	3121	3122	3118	3120	3119	3117	3075	3083	3082	3077	3109	3110	3106	3108	3107	3105
597	6	3	0	11	3075	3078	3079	3076	3083	3084	3080	3082	3081	3077	3133	3136	3137	3134	3141	3142	3138	3140	3139	3135	3143	3146	3147	3144	3151	3152	3148	3150	3149	3145	3123	3126	3127	3124	3131	3132	3128	3130	3129	3125
598	6	3	0	11	3075	3083	3082	3077	3109	3110	3106	3108	3107	3105	3133	3141	3140	3135	3163	3164	3160	3162	3161	3159	3143	3151	3150	3145	3169	3170	3166	3168	3167	3165	3123	3131	3130	3125	3157	3158	3154	3156	3155	3153
599	6	3	0	11	3123	3126	3127	3124	3131	3132	3128	3130	3129	3125	3181	3184	3185	3182	3189	3190	3186	3188	3187	3183	3191	3194	3195	3192	3199	3200	3196	3198	3197	3193	3171	3174	3175	3172	3179	3180	3176	3178	3177	3173
600	6	3	0	11	3123	3131	3130	3125	3157	3158	3154	3156	3155	3153	3181	3189	3188	3183	3211	3212	3208	3210	3209	3207	3191	3199	3198	3193	3217	3218	3214	3216	3215	3213	3171	3179	3178	3173	3205	3206	3202	3204	3203	3201
601	6	3	0	12	3219	3263	3264	3220	3268	3269	3265	3267	3266	3224	3277	3280	3281	3278	3285	3286	3282	3284	3283	3279	3287	3290	3291	3288	3295	3296	3292	3294	3293	3289	3221	3270	3271	3222	3275	3276	3272	3274	3273	3226
602	6	3	0	12	3219	3268	3267	3224	3300	3301	3297	3299	3298	3223	3277	3285	3284	3279	3311	3312	3308	3310	3309	3307	3287	3295	3294	3289	3317	3318	3314	3316	3315	3313	3221	3275	3274	3226	3305	3306	3302	3304	3303	3225
603	6	3	0	12	3223	3298	3297	3224	3322	3323	3319	3321	3320	3228	3307	3309	3308	3279	3333	3334	3330	3332	3331	3329	3313	3315	3314	3289	3339	3340	3336	3338	3337	3335	3225	3303	3302	3226	3327	3328	3324	3326	3325	3230
604	6	3	0	12	3223	3322	3321	3228	3344	3345	3341	3343	3342	3227	3307	3333	3332	3329	3355	3356	3352	3354	3353	3351	3313	3339	3338	3335	3361	3362	3358	3360	3359	3357	3225	3327	3326	3230	3349	3350	3346	3348	3347	3229
605	6	3	0	12	3227	3342	3341	3228	3366	3367	3363	3365	3364	3232	3351	3353	3352	3329	3377	3378	3374	3376	3375	3373	3357	3359	3358	3335	3383	3384	3380	3382	3381	3379	3229	3347	3346	3230	3371	3372	3368	3370	3369	3234
606	6	3	0	12	3227	3366	3365	3232	3388	3389	3385	3387	3386	3231	3351	3377	3376	3373	3399	3400	3396	3398	3397	3395	3357	3383	3382	3379	3405	3406	3402	3404	3403	3401	3229	3371	3370	3234	3393	3394	3390	3392	3391	3233
607	6	3	0	12	3231	3386	3385	3232	3410	3411	3407	3409	3408	3236	3395	3397	3396	3373	3421	3422	3418	3420	3419	3417	3401	3403	3402	3379	3427	3428	3424	3426	3425	3423	3233	3391	3390	3234	3415	3416	3412	3414	3413	3238
608	6	3	0	12	3231	3410	3409	3236	3432	3433	3429	3431	3430	3235	3395	3421	3420	3417	3443	3444	3440	3442	3441	3439	3401	3427	3426	3423	3449	3450	3446	3448	3447	3445	3233	3415	3414	3238	3437	3438	3434	3436	3435	3237
609	6	3	0	12	3235	3430	3429	3236	3454	3455	3451	3453	3452	3240	3439	3441	3440	3417	3465	3466	3462	3464	3463	3461	3445	3447	3446	3423	3471	3472	3468	3470	3469	3467	3237	3435	3434	3238	3459	3460	3456	3458	3457	3242
610	6	3	0	12	3235	3454	3453	3240	3476	3477	3473	3475	3474	3239	3439	3465	3464	3461	3487	3488	3484	3486	3485	3483	3445	3471	3470	3467	3493	3494	3490	3492	3491	3489	3237	3459	3458	3242	3481	3482	3478	3480	3479	3241
611	6	3	0	12	3239	3474	3473	3240	3498	3499	3495	3497	3496	3244	3483	3485	3484	3461	3509	3510	3506	3508	3507	3505	3489	3491	3490	3467	3515	3516	3512	3514	3513	3511	3241	3479	3478	3242	3503	3504	3500	3502	3501	3246
612	6	3	0	12	3239	3498	3497	3244	3520	3521	3517	3519	3518	3243	3483	3509	3508	3505	3531	3532	3528	3530	3529	3527	3489	3515	3514	3511	3537	3538	3534	3536	3535	3533	3241	3503	3502	3246	3525	3526	3522	3524	3523	3245
613	6	3	0	12	3243	3518	3517	3244	3542	3543	3539	3541	3540	3248	3527	3529	3528	3505	3553	3554	3550	3552	3551	3549	3533	3535	3534	3511	3559	3560	3556	3558	3557	3555	3245	3523	3522	3246	3547	3548	3544	3546	3545	3250
614	6	3	0	12	3243	3542	3541	3248	3564	3565	3561	3563	3562	3247	3527	3553	3552	3549	3575	3576	3572	3574	3573	3571	3533	3559	3558	3555	3581	3582	3578	3580	3579	3577	3245	3547	3546	3250	3569	3570	3566	3568	3567	3249
615	6	3	0	12	3247	3562	3561	3248	3586	3587	3583	3585	3584	3252	3571	3573	3572	3549	3597	3598	3594	3596	3595	3593	3577	3579	3578	3555	3603	3604	3600	3602	3601	3599	3249	3567	3566	3250	3591	3592	3588	3590	3589	3254
616	6	3	0	12	3247	3586	3585	3252	3608	3609	3605	3607	3606	3251	3571	3597	3596	3593	3619	3620	3616	3618	3617	3615	3577	3603	3602	3599	3625	3626	3622	3624	3623	3621	3249	3591	3590	3254	3613	3614	3610	3612	3611	3253
617	6	3	0	12	3251	3606	3605	3252	3630	3631	3627	3629	3628	3256	3615	3617	3616	3593	3641	3642	3638	3640	3639	3637	3621	3623	3622	3599	3647	3648	3644	3646	3645	3643	3253	3611	3610	3254	3635	3636	3632	3634	3633	3258
618	6	3	0	12	3251	3630	3629	3256	3652	3653	3649	3651	3650	3255	3615	3641	3640	3637	3663	3664	3660	3662	3661	3659	3621	3647	3646	3643	3669	3670	3666	3668	3667	3665	3253	3635	3634	3258	3657	3658	3654	3656	3655	3257
619	6	3	0	12	3255	3650	3649	3256	3674	3675	3671	3673	3672	3260	3659	3661	3660	3637	3685	3686	3682	3684	3683	3681	3665	3667	3666	3643	3691	3692	3688	3690	3689	3687	3257	3655	3654	3258	3679	3680	3676	3678	3677	3262
620	6	3	0	12	3255	3674	3673	3260	3696	3697	3693	3695	3694	3259	3659	3685	3684	3681	3707	3708	3704	3706	3705	3703	3665	3691	3690	3687	3713	3714	3710	3712	3711	3709	3257	3679	3678	3262	3701	3702	3698	3700	3699	3261
621	6	5	0	13	3715	3759	3760	3716	3764	3765	3761	3763	3762	3718	3773	3776	3777	3774	3781	3782	3778	3780	3779	3775	3719	3766	3767	3720	3771	3772	3768	3770	3769	3722										
622	6	5	0	13	3716	3783	3784	3717	3761	3787	3785	3762	3786	3718	3774	3794	3795	3793	3778	3798	3796	3779	3797	3775	3720	3788	3789	3721	3768	3792	3790	3769	3791	3722										
623	6	5	0	13	3719	3766	3767	3720	3771	3772	3768	3770	3769	3722	3806	3809	3810	3807	3814	3815	3811	3813	3812	3808	3723	3799	3800	3724	3804	3805	3801	3803	3802	3726										
624	6	5	0	13	3720	3788	3789	3721	3768	3792	3790	3769	3791	3722	3807	3822	3823	3821	3811	3826	3824	3812	3825	3808	3724	3816	3817	3725	3801	3820	3818	3802	3819	3726										
625	6	5	0	13	3723	3799	3800	3724	3804	3805	3801	3803	3802	3726	3834	3837	3838	3835	3842	3843	3839	3841	3840	3836	3727	3827	3828	3728	3832	3833	3829	3831	3830	3730										
626	6	5	0	13	3724	3816	3817	3725	3801	3820	3818	3802	3819	3726	3835	3850	3851	3849	3839	3854	3852	3840	3853	3836	3728	3844	3845	3729	3829	3848	3846	3830	3847	3730										
627	6	5	0	13	3727	3827	3828	3728	3832	3833	3829	3831	3830	3730	3862	3865	3866	3863	3870	3871	3867	3869	3868	3864	3731	3855	3856	3732	3860	3861	3857	3859	3858	3734										
628	6	5	0	13	3728	3844	3845	3729	3829	3848	3846	3830	3847	3730	3863	3878	3879	3877	3867	3882	3880	3868	3881	3864	3732	3872	3873	3733	3857	3876	3874	3858	3875	3734										
629	6	5	0	13	3731	3855	3856	3732	3860	3861	3857	3859	3858	3734	3890	3893	3894	3891	3898	3899	3895	3897	3896	3892	3735	3883	3884	3736	3888	3889	3885	3887	3886	3738										
630	6	5	0	13	3732	3872	3873	3733	3857	3876	3874	3858	3875	3734	3891	3906	3907	3905	3895	3910	3908	3896	3909	3892	3736	3900	3901	3737	3885	3904	3902	3886	3903	3738										
631	6	5	0	13	3735	3883	3884	3736	3888	3889	3885	3887	3886	3738	3918	3921	3922	3919	3926	3927	3923	3925	3924	3920	3739	3911	3912	3740	3916	3917	3913	3915	3914	3742										
632	6	5	0	13	3736	3900	3901	3737	3885	3904	3902	3886	3903	3738	3919	3934	3935	3933	3923	3938	3936	3924	3937	3920	3740	3928	3929	3741	3913	3932	3930	3914	3931	3742										
633	6	5	0	13	3739	3911	3912	3740	3916	3917	3913	3915	3914	3742	3946	3949	3950	3947	3954	3955	3951	3953	3952	3948	3743	3939	3940	3744	3944	3945	3941	3943	3942	3746										
634	6	5	0	13	3740	3928	3929	3741	3913	3932	3930	3914	3931	3742	3947	3962	3963	3961	3951	3966	3964	3952	3965	3948	3744	3956	3957	3745	3941	3960	3958	3942	3959	3746										
635	6	5	0	13	3743	3939	3940	3744	3944	3945	3941	3943	3942	3746	3974	3977	3978	3975	3982	3983	3979	3981	3980	3976	3747	3967	3968	3748	3972	3973	3969	3971	3970	3750										
636	6	5	0	13	3744	3956	3957	3745	3941	3960	3958	3942	3959	3746	3975	3990	3991	3989	3979	3994	3992	3980	3993	3976	3748	3984	3985	3749	3969	3988	3986	3970	3987	3750										
637	6	5	0	13	3747	3967	3968	3748	3972	3973	3969	3971	3970	3750	4002	4005	4006	4003	4010	4011	4007	4009	4008	4004	3751	3995	3996	3752	4000	4001	3997	3999	3998	3754										
638	6	5	0	13	3748	3984	3985	3749	3969	3988	3986	3970	3987	3750	4003	4018	4019	4017	4007	4022	4020	4008	4021	4004	3752	4012	4013	3753	3997	4016	4014	3998	4015	3754										
639	6	5	0	13	3751	3995	3996	3752	4000	4001	3997	3999	3998	3754	4030	4033	4034	4031	4038	4039	4035	4037	4036	4032	3755	4023	4024	3756	4028	4029	4025	4027	4026	3758										
640	6	5	0	13	3752	4012	4013	3753	3997	4016	4014	3998	4015	3754	4031	4046	4047	4045	4035	4050	4048	4036	4049	4032	3756	4040	4041	3757	4025	4044	4042	4026	4043	3758										
641	6	5	0	14	4051	4095	4096	4052	4100	4101	4097	4099	4098	4056	4109	4112	4113	4110	4117	4118	4114	4116	4115	4111	4053	4102	4103	4054	4107	4108	4104	4106	4105	4058										
642	6	5	0	14	4051	4100	4099	4056	4122	4123	4119	4121	4120	4055	4109	4117	4116	4111	4133	4134	4130	4132	4131	4129	4053	4107	4106	4058	4127	4128	4124	4126	4125	4057										
643	6	5	0	14	4055	4120	4119	4056	4138	4139	4135	4137	4136	4060	4129	4131	4130	4111	4149	4150	4146	4148	4147	4145	4057	4125	4124	4058	4143	4144	4140	4142	4141	4062										
644	6	5	0	14	4055	4138	4137	4060	4154	4155	4151	4153	4152	4059	4129	4149	4148	4145	4165	4166	4162	4164	4163	4161	4057	4143	4142	4062	4159	4160	4156	4158	4157	4061										
645	6	5	0	14	4059	4152	4151	4060	4170	4171	4167	4169	4168	4064	4161	4163	4162	4145	4181	4182	4178	4180	4179	4177	4061	4157	4156	4062	4175	4176	4172	4174	4173	4066										
646	6	5	0	14	4059	4170	4169	4064	4186	4187	4183	4185	4184	4063	4161	4181	4180	4177	4197	4198	4194	4196	4195	4193	4061	4175	4174	4066	4191	4192	4188	4190	4189	4065										
647	6	5	0	14	4063	4184	4183	4064	4202	4203	4199	4201	4200	4068	4193	4195	4194	4177	4213	4214	4210	4212	4211	4209	4065	4189	4188	4066	4207	4208	4204	4206	4205	4070										
648	6	5	0	14	4063	4202	4201	4068	4218	4219	4215	4217	4216	4067	4193	4213	4212	4209	4229	4230	4226	4228	4227	4225	4065	4207	4206	4070	4223	4224	4220	4222	4221	4069										
649	6	5	0	14	4067	4216	4215	4068	4234	4235	4231	4233	4232	4072	4225	4227	4226	4209	4245	4246	4242	4244	4243	4241	4069	4221	4220	4070	4239	4240	4236	4238	4237	4074										
650	6	5	0	14	4067	4234	4233	4072	4250	4251	4247	4249	4248	4071	4225	4245	4244	4241	4261	4262	4258	4260	4259	4257	4069	4239	4238	4074	4255	4256	4252	4254	4253	4073										
651	6	5	0	14	4071	4248	4247	4072	4266	4267	4263	4265	4264	4076	4257	4259	4258	4241	4277	4278	4274	4276	4275	4273	4073	4253	4252	4074	4271	4272	4268	4270	4269	4078										
652	6	5	0	14	4071	4266	4265	4076	4282	4283	4279	4281	4280	4075	4257	4277	4276	4273	4293	4294	4290	4292	4291	4289	4073	4271	4270	4078	4287	4288	4284	4286	4285	4077										
653	6	5	0	14	4075	4280	4279	4076	4298	4299	4295	4297	4296	4080	4289	4291	4290	4273	4309	4310	4306	4308	4307	4305	4077	4285	4284	4078	4303	4304	4300	4302	4301	4082										
654	6	5	0	14	4075	4298	4297	4080	4314	4315	4311	4313	4312	4079	4289	4309	4308	4305	4325	4326	4322	4324	4323	4321	4077	4303	4302	4082	4319	4320	4316	4318	4317	4081										
655	6	5	0	14	4079	4312	4311	4080	4330	4331	4327	4329	4328	4084	4321	4323	4322	4305	4341	4342	4338	4340	4339	4337	4081	4317	4316	4082	4335	4336	4332	4334	4333	4086										
656	6	5	0	14	4079	4330	4329	4084	4346	4347	4343	4345	4344	4083	4321	4341	4340	4337	4357	4358	4354	4356	4355	4353	4081	4335	4334	4086	4351	4352	4348	4350	4349	4085										
657	6	5	0	14	4083	4344	4343	4084	4362	4363	4359	4361	4360	4088	4353	4355	4354	4337	4373	4374	4370	4372	4371	4369	4085	4349	4348	4086	4367	4368	4364	4366	4365	4090										
658	6	5	0	14	4083	4362	4361	4088	4378	4379	4375	4377	4376	4087	4353	4373	4372	4369	4389	4390	4386	4388	4387	4385	4085	4367	4366	4090	4383	4384	4380	4382	4381	4089										
659	6	5	0	14	4087	4376	4375	4088	4394	4395	4391	4393	4392	4092	4385	4387	4386	4369	4405	4406	4402	4404	4403	4401	4089	4381	4380	4090	4399	4400	4396	4398	4397	4094										
660	6	5	0	14	4087	4394	4393	4092	4410	4411	4407	4409	4408	4091	4385	4405	4404	4401	4421	4422	4418	4420	4419	4417	4089	4399	4398	4094	4415	4416	4412	4414	4413	4093										
661	6	4	0	15	4423	4467	4468	4424	4472	4473	4469	4471	4470	4426	4427	4474	4475	4428	4479	4480	4476	4478	4477	4430																				
662	6	4	0	15	4424	4481	4482	4425	4469	4485	4483	4470	4484	4426	4428	4486	4487	4429	4476	4490	4488	4477	4489	4430																				
663	6	4	0	15	4427	4474	4475	4428	4479	4480	4476	4478	4477	4430	4431	4491	4492	4432	4496	4497	4493	4495	4494	4434																				
664	6	4	0	15	4428	4486	4487	4429	4476	4490	4488	4477	4489	4430	4432	4498	4499	4433	4493	4502	4500	4494	4501	4434																				
665	6	4	0	15	4431	4491	4492	4432	4496	4497	4493	4495	4494	4434	4435	4503	4504	4436	4508	4509	4505	4507	4506	4438																				
666	6	4	0	15	4432	4498	4499	4433	4493	4502	4500	4494	4501	4434	4436	4510	4511	4437	4505	4514	4512	4506	4513	4438																				
667	6	4	0	15	4435	4503	4504	4436	4508	4509	4505	4507	4506	4438	4439	4515	4516	4440	4520	4521	4517	4519	4518	4442																				
668	6	4	0	15	4436	4510	4511	4437	4505	4514	4512	4506	4513	4438	4440	4522	4523	4441	4517	4526	4524	4518	4525	4442																				
669	6	4	0	15	4439	4515	4516	4440	4520	4521	4517	4519	4518	4442	4443	4527	4528	4444	4532	4533	4529	4531	4530	4446																				
670	6	4	0	15	4440	4522	4523	4441	4517	4526	4524	4518	4525	4442	4444	4534	4535	4445	4529	4538	4536	4530	4537	4446																				
671	6	4	0	15	4443	4527	4528	4444	4532	4533	4529	4531	4530	4446	4447	4539	4540	4448	4544	4545	4541	4543	4542	4450																				
672	6	4	0	15	4444	4534	4535	4445	4529	4538	4536	4530	4537	4446	4448	4546	4547	4449	4541	4550	4548	4542	4549	4450																				
673	6	4	0	15	4447	4539	4540	4448	4544	4545	4541	4543	4542	4450	4451	4551	4552	4452	4556	4557	4553	4555	4554	4454																				
674	6	4	0	15	4448	4546	4547	4449	4541	4550	4548	4542	4549	4450	4452	4558	4559	4453	4553	4562	4560	4554	4561	4454																				
675	6	4	0	15	4451	4551	4552	4452	4556	4557	4553	4555	4554	4454	4455	4563	4564	4456	4568	4569	4565	4567	4566	4458																				
676	6	4	0	15	4452	4558	4559	4453	4553	4562	4560	4554	4561	4454	4456	4570	4571	4457	4565	4574	4572	4566	4573	4458																				
677	6	4	0	15	4455	4563	4564	4456	4568	4569	4565	4567	4566	4458	4459	4575	4576	4460	4580	4581	4577	4579	4578	4462																				
678	6	4	0	15	4456	4570	4571	4457	4565	4574	4572	4566	4573	4458	4460	4582	4583	4461	4577	4586	4584	4578	4585	4462																				
679	6	4	0	15	4459	4575	4576	4460	4580	4581	4577	4579	4578	4462	4463	4587	4588	4464	4592	4593	4589	4591	4590	4466																				
680	6	4	0	15	4460	4582	4583	4461	4577	4586	4584	4578	4585	4462	4464	4594	4595	4465	4589	4598	4596	4590	4597	4466																				
681	6	4	0	16	4599	4643	4644	4600	4648	4649	4645	4647	4646	4604	4601	4650	4651	4602	4655	4656	4652	4654	4653	4606																				
682	6	4	0	16	4599	4648	4647	4604	4660	4661	4657	4659	4658	4603	4601	4655	4654	4606	4665	4666	4662	4664	4663	4605																				
683	6	4	0	16	4603	4658	4657	4604	4670	4671	4667	4669	4668	4608	4605	4663	4662	4606	4675	4676	4672	4674	4673	4610																				
684	6	4	0	16	4603	4670	4669	4608	4680	4681	4677	4679	4678	4607	4605	4675	4674	4610	4685	4686	4682	4684	4683	4609																				
685	6	4	0	16	4607	4678	4677	4608	4690	4691	4687	4689	4688	4612	4609	4683	4682	4610	4695	4696	4692	4694	4693	4614																				
686	6	4	0	16	4607	4690	4689	4612	4700	4701	4697	4699	4698	4611	4609	4695	4694	4614	4705	4706	4702	4704	4703	4613																				
687	6	4	0	16	4611	4698	4697	4612	4710	4711	4707	4709	4708	4616	4613	4703	4702	4614	4715	4716	4712	4714	4713	4618																				
688	6	4	0	16	4611	4710	4709	4616	4720	4721	4717	4719	4718	4615	4613	4715	4714	4618	4725	4726	4722	4724	4723	4617																				
689	6	4	0	16	4615	4718	4717	4616	4730	4731	4727	4729	4728	4620	4617	4723	4722	4618	4735	4736	4732	4734	4733	4622																				
690	6	4	0	16	4615	4730	4729	4620	4740	4741	4737	4739	4738	4619	4617	4735	4734	4622	4745	4746	4742	4744	4743	4621																				
691	6	4	0	16	4619	4738	4737	4620	4750	4751	4747	4749	4748	4624	4621	4743	4742	4622	4755	4756	4752	4754	4753	4626																				
692	6	4	0	16	4619	4750	4749	4624	4760	4761	4757	4759	4758	4623	4621	4755	4754	4626	4765	4766	4762	4764	4763	4625																				
693	6	4	0	16	4623	4758	4757	4624	4770	4771	4767	4769	4768	4628	4625	4763	4762	4626	4775	4776	4772	4774	4773	4630																				
694	6	4	0	16	4623	4770	4769	4628	4780	4781	4777	4779	4778	4627	4625	4775	4774	4630	4785	4786	4782	4784	4783	4629																				
695	6	4	0	16	4627	4778	4777	4628	4790	4791	4787	4789	4788	4632	4629	4783	4782	4630	4795	4796	4792	4794	4793	4634																				
696	6	4	0	16	4627	4790	4789	4632	4800	4801	4797	4799	4798	4631	4629	4795	4794	4634	4805	4806	4802	4804	4803	4633																				
697	6	4	0	16	4631	4798	4797	4632	4810	4811	4807	4809	4808	4636	4633	4803	4802	4634	4815	4816	4812	4814	4813	4638																				
698	6	4	0	16	4631	4810	4809	4636	4820	4821	4817	4819	4818	4635	4633	4815	4814	4638	4825	4826	4822	4824	4823	4637																				
699	6	4	0	16	4635	4818	4817	4636	4830	4831	4827	4829	4828	4640	4637	4823	4822	4638	4835	4836	4832	4834	4833	4642																				
700	6	4	0	16	4635	4830	4829	4640	4840	4841	4837	4839	4838	4639	4637	4835	4834	4642	4845	4846	4842	4844	4843	4641																				
