------------------------------------------------------------------
    Fases de Carga
------------------------------------------------------------------

------------------------------------------------------------------
Condicoes de Contorno para Fase de Carga 1
------------------------------------------------------------------

Número de passos de tempo da fase de carga
Passo de tempo da fase de carga
Número de restrições aplicadas (Dirichlet)
Número de restrições aplicadas (Neumann)

#FC1#
1    1.   591   204

------------------------------------------------------------------
Restrições de Dirichlet (deslocamento ou temperatura)
Nó  Direção  Valor   Comportamento no tempo

#DIR1#
1	1	0.00	1.00	0.00	0.00
1	2	0.00	1.00	0.00	0.00
1	3	0.00	1.00	0.00	0.00
14	1	0.00	1.00	0.00	0.00
14	2	0.00	1.00	0.00	0.00
14	3	0.00	1.00	0.00	0.00
35	1	0.00	1.00	0.00	0.00
35	2	0.00	1.00	0.00	0.00
35	3	0.00	1.00	0.00	0.00
36	1	0.00	1.00	0.00	0.00
36	2	0.00	1.00	0.00	0.00
36	3	0.00	1.00	0.00	0.00
37	1	0.00	1.00	0.00	0.00
37	2	0.00	1.00	0.00	0.00
37	3	0.00	1.00	0.00	0.00
209	1	0.00	1.00	0.00	0.00
333	1	0.00	1.00	0.00	0.00
334	1	0.00	1.00	0.00	0.00
335	1	0.00	1.00	0.00	0.00
336	1	0.00	1.00	0.00	0.00
331	1	0.00	1.00	0.00	0.00
392	1	0.00	1.00	0.00	0.00
393	1	0.00	1.00	0.00	0.00
218	1	0.00	1.00	0.00	0.00
395	1	0.00	1.00	0.00	0.00
396	1	0.00	1.00	0.00	0.00
331	1	0.00	1.00	0.00	0.00
331	1	0.00	1.00	0.00	0.00
396	1	0.00	1.00	0.00	0.00
218	1	0.00	1.00	0.00	0.00
335	1	0.00	1.00	0.00	0.00
445	1	0.00	1.00	0.00	0.00
209	1	0.00	1.00	0.00	0.00
331	1	0.00	1.00	0.00	0.00
336	1	0.00	1.00	0.00	0.00
334	1	0.00	1.00	0.00	0.00
395	1	0.00	1.00	0.00	0.00
448	1	0.00	1.00	0.00	0.00
392	1	0.00	1.00	0.00	0.00
209	2	0.00	1.00	0.00	0.00
333	2	0.00	1.00	0.00	0.00
334	2	0.00	1.00	0.00	0.00
335	2	0.00	1.00	0.00	0.00
336	2	0.00	1.00	0.00	0.00
331	2	0.00	1.00	0.00	0.00
392	2	0.00	1.00	0.00	0.00
393	2	0.00	1.00	0.00	0.00
218	2	0.00	1.00	0.00	0.00
395	2	0.00	1.00	0.00	0.00
396	2	0.00	1.00	0.00	0.00
331	2	0.00	1.00	0.00	0.00
331	2	0.00	1.00	0.00	0.00
396	2	0.00	1.00	0.00	0.00
218	2	0.00	1.00	0.00	0.00
335	2	0.00	1.00	0.00	0.00
445	2	0.00	1.00	0.00	0.00
209	2	0.00	1.00	0.00	0.00
331	2	0.00	1.00	0.00	0.00
336	2	0.00	1.00	0.00	0.00
334	2	0.00	1.00	0.00	0.00
395	2	0.00	1.00	0.00	0.00
448	2	0.00	1.00	0.00	0.00
392	2	0.00	1.00	0.00	0.00
209	3	0.00	1.00	0.00	0.00
333	3	0.00	1.00	0.00	0.00
334	3	0.00	1.00	0.00	0.00
335	3	0.00	1.00	0.00	0.00
336	3	0.00	1.00	0.00	0.00
331	3	0.00	1.00	0.00	0.00
392	3	0.00	1.00	0.00	0.00
393	3	0.00	1.00	0.00	0.00
218	3	0.00	1.00	0.00	0.00
395	3	0.00	1.00	0.00	0.00
396	3	0.00	1.00	0.00	0.00
331	3	0.00	1.00	0.00	0.00
331	3	0.00	1.00	0.00	0.00
396	3	0.00	1.00	0.00	0.00
218	3	0.00	1.00	0.00	0.00
335	3	0.00	1.00	0.00	0.00
445	3	0.00	1.00	0.00	0.00
209	3	0.00	1.00	0.00	0.00
331	3	0.00	1.00	0.00	0.00
336	3	0.00	1.00	0.00	0.00
334	3	0.00	1.00	0.00	0.00
395	3	0.00	1.00	0.00	0.00
448	3	0.00	1.00	0.00	0.00
392	3	0.00	1.00	0.00	0.00
492	1	0.00	1.00	0.00	0.00
1101	1	0.00	1.00	0.00	0.00
1103	1	0.00	1.00	0.00	0.00
470	1	0.00	1.00	0.00	0.00
1105	1	0.00	1.00	0.00	0.00
1107	1	0.00	1.00	0.00	0.00
1108	1	0.00	1.00	0.00	0.00
1109	1	0.00	1.00	0.00	0.00
1110	1	0.00	1.00	0.00	0.00
493	1	0.00	1.00	0.00	0.00
457	1	0.00	1.00	0.00	0.00
1276	1	0.00	1.00	0.00	0.00
1277	1	0.00	1.00	0.00	0.00
491	1	0.00	1.00	0.00	0.00
1280	1	0.00	1.00	0.00	0.00
1282	1	0.00	1.00	0.00	0.00
1283	1	0.00	1.00	0.00	0.00
1285	1	0.00	1.00	0.00	0.00
1286	1	0.00	1.00	0.00	0.00
1473	1	0.00	1.00	0.00	0.00
1474	1	0.00	1.00	0.00	0.00
1475	1	0.00	1.00	0.00	0.00
1485	1	0.00	1.00	0.00	0.00
1486	1	0.00	1.00	0.00	0.00
1488	1	0.00	1.00	0.00	0.00
492	2	0.00	1.00	0.00	0.00
1101	2	0.00	1.00	0.00	0.00
1103	2	0.00	1.00	0.00	0.00
470	2	0.00	1.00	0.00	0.00
1105	2	0.00	1.00	0.00	0.00
1107	2	0.00	1.00	0.00	0.00
1108	2	0.00	1.00	0.00	0.00
1109	2	0.00	1.00	0.00	0.00
1110	2	0.00	1.00	0.00	0.00
493	2	0.00	1.00	0.00	0.00
457	2	0.00	1.00	0.00	0.00
1276	2	0.00	1.00	0.00	0.00
1277	2	0.00	1.00	0.00	0.00
491	2	0.00	1.00	0.00	0.00
1280	2	0.00	1.00	0.00	0.00
1282	2	0.00	1.00	0.00	0.00
1283	2	0.00	1.00	0.00	0.00
1285	2	0.00	1.00	0.00	0.00
1286	2	0.00	1.00	0.00	0.00
1473	2	0.00	1.00	0.00	0.00
1474	2	0.00	1.00	0.00	0.00
1475	2	0.00	1.00	0.00	0.00
1485	2	0.00	1.00	0.00	0.00
1486	2	0.00	1.00	0.00	0.00
1488	2	0.00	1.00	0.00	0.00
492	3	0.00	1.00	0.00	0.00
1101	3	0.00	1.00	0.00	0.00
1103	3	0.00	1.00	0.00	0.00
470	3	0.00	1.00	0.00	0.00
1105	3	0.00	1.00	0.00	0.00
1107	3	0.00	1.00	0.00	0.00
1108	3	0.00	1.00	0.00	0.00
1109	3	0.00	1.00	0.00	0.00
1110	3	0.00	1.00	0.00	0.00
493	3	0.00	1.00	0.00	0.00
457	3	0.00	1.00	0.00	0.00
1276	3	0.00	1.00	0.00	0.00
1277	3	0.00	1.00	0.00	0.00
491	3	0.00	1.00	0.00	0.00
1280	3	0.00	1.00	0.00	0.00
1282	3	0.00	1.00	0.00	0.00
1283	3	0.00	1.00	0.00	0.00
1285	3	0.00	1.00	0.00	0.00
1286	3	0.00	1.00	0.00	0.00
1473	3	0.00	1.00	0.00	0.00
1474	3	0.00	1.00	0.00	0.00
1475	3	0.00	1.00	0.00	0.00
1485	3	0.00	1.00	0.00	0.00
1486	3	0.00	1.00	0.00	0.00
1488	3	0.00	1.00	0.00	0.00
1526	1	0.00	1.00	0.00	0.00
1526	2	0.00	1.00	0.00	0.00
1526	3	0.00	1.00	0.00	0.00
1527	1	0.00	1.00	0.00	0.00
1527	2	0.00	1.00	0.00	0.00
1527	3	0.00	1.00	0.00	0.00
1528	1	0.00	1.00	0.00	0.00
1528	2	0.00	1.00	0.00	0.00
1528	3	0.00	1.00	0.00	0.00
1529	1	0.00	1.00	0.00	0.00
1529	2	0.00	1.00	0.00	0.00
1529	3	0.00	1.00	0.00	0.00
1570	1	0.00	1.00	0.00	0.00
1571	1	0.00	1.00	0.00	0.00
1572	1	0.00	1.00	0.00	0.00
1573	1	0.00	1.00	0.00	0.00
1614	1	0.00	1.00	0.00	0.00
1615	1	0.00	1.00	0.00	0.00
1616	1	0.00	1.00	0.00	0.00
1617	1	0.00	1.00	0.00	0.00
1626	1	0.00	1.00	0.00	0.00
1570	2	0.00	1.00	0.00	0.00
1571	2	0.00	1.00	0.00	0.00
1572	2	0.00	1.00	0.00	0.00
1573	2	0.00	1.00	0.00	0.00
1614	2	0.00	1.00	0.00	0.00
1615	2	0.00	1.00	0.00	0.00
1616	2	0.00	1.00	0.00	0.00
1617	2	0.00	1.00	0.00	0.00
1626	2	0.00	1.00	0.00	0.00
1570	3	0.00	1.00	0.00	0.00
1571	3	0.00	1.00	0.00	0.00
1572	3	0.00	1.00	0.00	0.00
1573	3	0.00	1.00	0.00	0.00
1614	3	0.00	1.00	0.00	0.00
1615	3	0.00	1.00	0.00	0.00
1616	3	0.00	1.00	0.00	0.00
1617	3	0.00	1.00	0.00	0.00
1626	3	0.00	1.00	0.00	0.00
1759	1	0.00	1.00	0.00	0.00
1760	1	0.00	1.00	0.00	0.00
1761	1	0.00	1.00	0.00	0.00
1762	1	0.00	1.00	0.00	0.00
1803	1	0.00	1.00	0.00	0.00
1804	1	0.00	1.00	0.00	0.00
1805	1	0.00	1.00	0.00	0.00
1806	1	0.00	1.00	0.00	0.00
1807	1	0.00	1.00	0.00	0.00
1808	1	0.00	1.00	0.00	0.00
1809	1	0.00	1.00	0.00	0.00
1810	1	0.00	1.00	0.00	0.00
1843	1	0.00	1.00	0.00	0.00
1844	1	0.00	1.00	0.00	0.00
1845	1	0.00	1.00	0.00	0.00
1846	1	0.00	1.00	0.00	0.00
1759	2	0.00	1.00	0.00	0.00
1760	2	0.00	1.00	0.00	0.00
1761	2	0.00	1.00	0.00	0.00
1762	2	0.00	1.00	0.00	0.00
1803	2	0.00	1.00	0.00	0.00
1804	2	0.00	1.00	0.00	0.00
1805	2	0.00	1.00	0.00	0.00
1806	2	0.00	1.00	0.00	0.00
1807	2	0.00	1.00	0.00	0.00
1808	2	0.00	1.00	0.00	0.00
1809	2	0.00	1.00	0.00	0.00
1810	2	0.00	1.00	0.00	0.00
1843	2	0.00	1.00	0.00	0.00
1844	2	0.00	1.00	0.00	0.00
1845	2	0.00	1.00	0.00	0.00
1846	2	0.00	1.00	0.00	0.00
1759	3	0.00	1.00	0.00	0.00
1760	3	0.00	1.00	0.00	0.00
1761	3	0.00	1.00	0.00	0.00
1762	3	0.00	1.00	0.00	0.00
1803	3	0.00	1.00	0.00	0.00
1804	3	0.00	1.00	0.00	0.00
1805	3	0.00	1.00	0.00	0.00
1806	3	0.00	1.00	0.00	0.00
1807	3	0.00	1.00	0.00	0.00
1808	3	0.00	1.00	0.00	0.00
1809	3	0.00	1.00	0.00	0.00
1810	3	0.00	1.00	0.00	0.00
1843	3	0.00	1.00	0.00	0.00
1844	3	0.00	1.00	0.00	0.00
1845	3	0.00	1.00	0.00	0.00
1846	3	0.00	1.00	0.00	0.00
2255	1	0.00	1.00	0.00	0.00
2255	2	0.00	1.00	0.00	0.00
2255	3	0.00	1.00	0.00	0.00
2256	1	0.00	1.00	0.00	0.00
2256	2	0.00	1.00	0.00	0.00
2256	3	0.00	1.00	0.00	0.00
2257	1	0.00	1.00	0.00	0.00
2257	2	0.00	1.00	0.00	0.00
2257	3	0.00	1.00	0.00	0.00
2258	1	0.00	1.00	0.00	0.00
2258	2	0.00	1.00	0.00	0.00
2258	3	0.00	1.00	0.00	0.00
2299	1	0.00	1.00	0.00	0.00
2299	2	0.00	1.00	0.00	0.00
2299	3	0.00	1.00	0.00	0.00
2300	1	0.00	1.00	0.00	0.00
2300	2	0.00	1.00	0.00	0.00
2300	3	0.00	1.00	0.00	0.00
2301	1	0.00	1.00	0.00	0.00
2301	2	0.00	1.00	0.00	0.00
2301	3	0.00	1.00	0.00	0.00
2302	1	0.00	1.00	0.00	0.00
2302	2	0.00	1.00	0.00	0.00
2302	3	0.00	1.00	0.00	0.00
2345	1	0.00	1.00	0.00	0.00
2346	1	0.00	1.00	0.00	0.00
2348	1	0.00	1.00	0.00	0.00
2392	1	0.00	1.00	0.00	0.00
2393	1	0.00	1.00	0.00	0.00
2394	1	0.00	1.00	0.00	0.00
2347	1	0.00	1.00	0.00	0.00
2402	1	0.00	1.00	0.00	0.00
2403	1	0.00	1.00	0.00	0.00
2345	2	0.00	1.00	0.00	0.00
2346	2	0.00	1.00	0.00	0.00
2348	2	0.00	1.00	0.00	0.00
2392	2	0.00	1.00	0.00	0.00
2393	2	0.00	1.00	0.00	0.00
2394	2	0.00	1.00	0.00	0.00
2347	2	0.00	1.00	0.00	0.00
2402	2	0.00	1.00	0.00	0.00
2403	2	0.00	1.00	0.00	0.00
2345	3	0.00	1.00	0.00	0.00
2346	3	0.00	1.00	0.00	0.00
2348	3	0.00	1.00	0.00	0.00
2392	3	0.00	1.00	0.00	0.00
2393	3	0.00	1.00	0.00	0.00
2394	3	0.00	1.00	0.00	0.00
2347	3	0.00	1.00	0.00	0.00
2402	3	0.00	1.00	0.00	0.00
2403	3	0.00	1.00	0.00	0.00
2534	1	0.00	1.00	0.00	0.00
2535	1	0.00	1.00	0.00	0.00
2536	1	0.00	1.00	0.00	0.00
2537	1	0.00	1.00	0.00	0.00
2578	1	0.00	1.00	0.00	0.00
2579	1	0.00	1.00	0.00	0.00
2581	1	0.00	1.00	0.00	0.00
2584	1	0.00	1.00	0.00	0.00
2587	1	0.00	1.00	0.00	0.00
2534	2	0.00	1.00	0.00	0.00
2535	2	0.00	1.00	0.00	0.00
2536	2	0.00	1.00	0.00	0.00
2537	2	0.00	1.00	0.00	0.00
2578	2	0.00	1.00	0.00	0.00
2579	2	0.00	1.00	0.00	0.00
2581	2	0.00	1.00	0.00	0.00
2584	2	0.00	1.00	0.00	0.00
2587	2	0.00	1.00	0.00	0.00
2534	3	0.00	1.00	0.00	0.00
2535	3	0.00	1.00	0.00	0.00
2536	3	0.00	1.00	0.00	0.00
2537	3	0.00	1.00	0.00	0.00
2578	3	0.00	1.00	0.00	0.00
2579	3	0.00	1.00	0.00	0.00
2581	3	0.00	1.00	0.00	0.00
2584	3	0.00	1.00	0.00	0.00
2587	3	0.00	1.00	0.00	0.00
2723	1	0.00	1.00	0.00	0.00
2729	1	0.00	1.00	0.00	0.00
2730	1	0.00	1.00	0.00	0.00
2724	1	0.00	1.00	0.00	0.00
2734	1	0.00	1.00	0.00	0.00
2735	1	0.00	1.00	0.00	0.00
2731	1	0.00	1.00	0.00	0.00
2733	1	0.00	1.00	0.00	0.00
2732	1	0.00	1.00	0.00	0.00
2725	1	0.00	1.00	0.00	0.00
2723	1	0.00	1.00	0.00	0.00
2734	1	0.00	1.00	0.00	0.00
2733	1	0.00	1.00	0.00	0.00
2725	1	0.00	1.00	0.00	0.00
2768	1	0.00	1.00	0.00	0.00
2769	1	0.00	1.00	0.00	0.00
2765	1	0.00	1.00	0.00	0.00
2767	1	0.00	1.00	0.00	0.00
2766	1	0.00	1.00	0.00	0.00
2763	1	0.00	1.00	0.00	0.00
2723	2	0.00	1.00	0.00	0.00
2729	2	0.00	1.00	0.00	0.00
2730	2	0.00	1.00	0.00	0.00
2724	2	0.00	1.00	0.00	0.00
2734	2	0.00	1.00	0.00	0.00
2735	2	0.00	1.00	0.00	0.00
2731	2	0.00	1.00	0.00	0.00
2733	2	0.00	1.00	0.00	0.00
2732	2	0.00	1.00	0.00	0.00
2725	2	0.00	1.00	0.00	0.00
2723	2	0.00	1.00	0.00	0.00
2734	2	0.00	1.00	0.00	0.00
2733	2	0.00	1.00	0.00	0.00
2725	2	0.00	1.00	0.00	0.00
2768	2	0.00	1.00	0.00	0.00
2769	2	0.00	1.00	0.00	0.00
2765	2	0.00	1.00	0.00	0.00
2767	2	0.00	1.00	0.00	0.00
2766	2	0.00	1.00	0.00	0.00
2763	2	0.00	1.00	0.00	0.00
2723	3	0.00	1.00	0.00	0.00
2729	3	0.00	1.00	0.00	0.00
2730	3	0.00	1.00	0.00	0.00
2724	3	0.00	1.00	0.00	0.00
2734	3	0.00	1.00	0.00	0.00
2735	3	0.00	1.00	0.00	0.00
2731	3	0.00	1.00	0.00	0.00
2733	3	0.00	1.00	0.00	0.00
2732	3	0.00	1.00	0.00	0.00
2725	3	0.00	1.00	0.00	0.00
2723	3	0.00	1.00	0.00	0.00
2734	3	0.00	1.00	0.00	0.00
2733	3	0.00	1.00	0.00	0.00
2725	3	0.00	1.00	0.00	0.00
2768	3	0.00	1.00	0.00	0.00
2769	3	0.00	1.00	0.00	0.00
2765	3	0.00	1.00	0.00	0.00
2767	3	0.00	1.00	0.00	0.00
2766	3	0.00	1.00	0.00	0.00
2763	3	0.00	1.00	0.00	0.00
3219	1	0.00	1.00	0.00	0.00
3220	1	0.00	1.00	0.00	0.00
3221	1	0.00	1.00	0.00	0.00
3222	1	0.00	1.00	0.00	0.00
3263	1	0.00	1.00	0.00	0.00
3264	1	0.00	1.00	0.00	0.00
3270	1	0.00	1.00	0.00	0.00
3271	1	0.00	1.00	0.00	0.00
3277	1	0.00	1.00	0.00	0.00
3278	1	0.00	1.00	0.00	0.00
3280	1	0.00	1.00	0.00	0.00
3281	1	0.00	1.00	0.00	0.00
3287	1	0.00	1.00	0.00	0.00
3288	1	0.00	1.00	0.00	0.00
3290	1	0.00	1.00	0.00	0.00
3291	1	0.00	1.00	0.00	0.00
3219	2	0.00	1.00	0.00	0.00
3220	2	0.00	1.00	0.00	0.00
3221	2	0.00	1.00	0.00	0.00
3222	2	0.00	1.00	0.00	0.00
3263	2	0.00	1.00	0.00	0.00
3264	2	0.00	1.00	0.00	0.00
3270	2	0.00	1.00	0.00	0.00
3271	2	0.00	1.00	0.00	0.00
3277	2	0.00	1.00	0.00	0.00
3278	2	0.00	1.00	0.00	0.00
3280	2	0.00	1.00	0.00	0.00
3281	2	0.00	1.00	0.00	0.00
3287	2	0.00	1.00	0.00	0.00
3288	2	0.00	1.00	0.00	0.00
3290	2	0.00	1.00	0.00	0.00
3291	2	0.00	1.00	0.00	0.00
3219	3	0.00	1.00	0.00	0.00
3220	3	0.00	1.00	0.00	0.00
3221	3	0.00	1.00	0.00	0.00
3222	3	0.00	1.00	0.00	0.00
3263	3	0.00	1.00	0.00	0.00
3264	3	0.00	1.00	0.00	0.00
3270	3	0.00	1.00	0.00	0.00
3271	3	0.00	1.00	0.00	0.00
3277	3	0.00	1.00	0.00	0.00
3278	3	0.00	1.00	0.00	0.00
3280	3	0.00	1.00	0.00	0.00
3281	3	0.00	1.00	0.00	0.00
3287	3	0.00	1.00	0.00	0.00
3288	3	0.00	1.00	0.00	0.00
3290	3	0.00	1.00	0.00	0.00
3291	3	0.00	1.00	0.00	0.00
3715	1	0.00	1.00	0.00	0.00
3716	1	0.00	1.00	0.00	0.00
3718	1	0.00	1.00	0.00	0.00
3759	1	0.00	1.00	0.00	0.00
3760	1	0.00	1.00	0.00	0.00
3761	1	0.00	1.00	0.00	0.00
3762	1	0.00	1.00	0.00	0.00
3763	1	0.00	1.00	0.00	0.00
3764	1	0.00	1.00	0.00	0.00
3765	1	0.00	1.00	0.00	0.00
3717	1	0.00	1.00	0.00	0.00
3783	1	0.00	1.00	0.00	0.00
3784	1	0.00	1.00	0.00	0.00
3785	1	0.00	1.00	0.00	0.00
3786	1	0.00	1.00	0.00	0.00
3787	1	0.00	1.00	0.00	0.00
3715	2	0.00	1.00	0.00	0.00
3716	2	0.00	1.00	0.00	0.00
3718	2	0.00	1.00	0.00	0.00
3759	2	0.00	1.00	0.00	0.00
3760	2	0.00	1.00	0.00	0.00
3761	2	0.00	1.00	0.00	0.00
3762	2	0.00	1.00	0.00	0.00
3763	2	0.00	1.00	0.00	0.00
3764	2	0.00	1.00	0.00	0.00
3765	2	0.00	1.00	0.00	0.00
3717	2	0.00	1.00	0.00	0.00
3783	2	0.00	1.00	0.00	0.00
3784	2	0.00	1.00	0.00	0.00
3785	2	0.00	1.00	0.00	0.00
3786	2	0.00	1.00	0.00	0.00
3787	2	0.00	1.00	0.00	0.00
3715	3	0.00	1.00	0.00	0.00
3716	3	0.00	1.00	0.00	0.00
3718	3	0.00	1.00	0.00	0.00
3759	3	0.00	1.00	0.00	0.00
3760	3	0.00	1.00	0.00	0.00
3761	3	0.00	1.00	0.00	0.00
3762	3	0.00	1.00	0.00	0.00
3763	3	0.00	1.00	0.00	0.00
3764	3	0.00	1.00	0.00	0.00
3765	3	0.00	1.00	0.00	0.00
3717	3	0.00	1.00	0.00	0.00
3783	3	0.00	1.00	0.00	0.00
3784	3	0.00	1.00	0.00	0.00
3785	3	0.00	1.00	0.00	0.00
3786	3	0.00	1.00	0.00	0.00
3787	3	0.00	1.00	0.00	0.00
4051	1	0.00	1.00	0.00	0.00
4052	1	0.00	1.00	0.00	0.00
4053	1	0.00	1.00	0.00	0.00
4054	1	0.00	1.00	0.00	0.00
4095	1	0.00	1.00	0.00	0.00
4096	1	0.00	1.00	0.00	0.00
4102	1	0.00	1.00	0.00	0.00
4103	1	0.00	1.00	0.00	0.00
4109	1	0.00	1.00	0.00	0.00
4110	1	0.00	1.00	0.00	0.00
4112	1	0.00	1.00	0.00	0.00
4113	1	0.00	1.00	0.00	0.00
4051	2	0.00	1.00	0.00	0.00
4052	2	0.00	1.00	0.00	0.00
4053	2	0.00	1.00	0.00	0.00
4054	2	0.00	1.00	0.00	0.00
4095	2	0.00	1.00	0.00	0.00
4096	2	0.00	1.00	0.00	0.00
4102	2	0.00	1.00	0.00	0.00
4103	2	0.00	1.00	0.00	0.00
4109	2	0.00	1.00	0.00	0.00
4110	2	0.00	1.00	0.00	0.00
4112	2	0.00	1.00	0.00	0.00
4113	2	0.00	1.00	0.00	0.00
4051	3	0.00	1.00	0.00	0.00
4052	3	0.00	1.00	0.00	0.00
4053	3	0.00	1.00	0.00	0.00
4054	3	0.00	1.00	0.00	0.00
4095	3	0.00	1.00	0.00	0.00
4096	3	0.00	1.00	0.00	0.00
4102	3	0.00	1.00	0.00	0.00
4103	3	0.00	1.00	0.00	0.00
4109	3	0.00	1.00	0.00	0.00
4110	3	0.00	1.00	0.00	0.00
4112	3	0.00	1.00	0.00	0.00
4113	3	0.00	1.00	0.00	0.00
4423	1	0.00	1.00	0.00	0.00
4424	1	0.00	1.00	0.00	0.00
4426	1	0.00	1.00	0.00	0.00
4467	1	0.00	1.00	0.00	0.00
4468	1	0.00	1.00	0.00	0.00
4469	1	0.00	1.00	0.00	0.00
4470	1	0.00	1.00	0.00	0.00
4471	1	0.00	1.00	0.00	0.00
4472	1	0.00	1.00	0.00	0.00
4473	1	0.00	1.00	0.00	0.00
4425	1	0.00	1.00	0.00	0.00
4481	1	0.00	1.00	0.00	0.00
4482	1	0.00	1.00	0.00	0.00
4483	1	0.00	1.00	0.00	0.00
4484	1	0.00	1.00	0.00	0.00
4485	1	0.00	1.00	0.00	0.00
4423	2	0.00	1.00	0.00	0.00
4424	2	0.00	1.00	0.00	0.00
4426	2	0.00	1.00	0.00	0.00
4467	2	0.00	1.00	0.00	0.00
4468	2	0.00	1.00	0.00	0.00
4469	2	0.00	1.00	0.00	0.00
4470	2	0.00	1.00	0.00	0.00
4471	2	0.00	1.00	0.00	0.00
4472	2	0.00	1.00	0.00	0.00
4473	2	0.00	1.00	0.00	0.00
4425	2	0.00	1.00	0.00	0.00
4481	2	0.00	1.00	0.00	0.00
4482	2	0.00	1.00	0.00	0.00
4483	2	0.00	1.00	0.00	0.00
4484	2	0.00	1.00	0.00	0.00
4485	2	0.00	1.00	0.00	0.00
4423	3	0.00	1.00	0.00	0.00
4424	3	0.00	1.00	0.00	0.00
4426	3	0.00	1.00	0.00	0.00
4467	3	0.00	1.00	0.00	0.00
4468	3	0.00	1.00	0.00	0.00
4469	3	0.00	1.00	0.00	0.00
4470	3	0.00	1.00	0.00	0.00
4471	3	0.00	1.00	0.00	0.00
4472	3	0.00	1.00	0.00	0.00
4473	3	0.00	1.00	0.00	0.00
4425	3	0.00	1.00	0.00	0.00
4481	3	0.00	1.00	0.00	0.00
4482	3	0.00	1.00	0.00	0.00
4483	3	0.00	1.00	0.00	0.00
4484	3	0.00	1.00	0.00	0.00
4485	3	0.00	1.00	0.00	0.00
4599	1	0.00	1.00	0.00	0.00
4600	1	0.00	1.00	0.00	0.00
4601	1	0.00	1.00	0.00	0.00
4602	1	0.00	1.00	0.00	0.00
4643	1	0.00	1.00	0.00	0.00
4644	1	0.00	1.00	0.00	0.00
4650	1	0.00	1.00	0.00	0.00
4651	1	0.00	1.00	0.00	0.00
4599	2	0.00	1.00	0.00	0.00
4600	2	0.00	1.00	0.00	0.00
4601	2	0.00	1.00	0.00	0.00
4602	2	0.00	1.00	0.00	0.00
4643	2	0.00	1.00	0.00	0.00
4644	2	0.00	1.00	0.00	0.00
4650	2	0.00	1.00	0.00	0.00
4651	2	0.00	1.00	0.00	0.00
4599	3	0.00	1.00	0.00	0.00
4600	3	0.00	1.00	0.00	0.00
4601	3	0.00	1.00	0.00	0.00
4602	3	0.00	1.00	0.00	0.00
4643	3	0.00	1.00	0.00	0.00
4644	3	0.00	1.00	0.00	0.00
4650	3	0.00	1.00	0.00	0.00
4651	3	0.00	1.00	0.00	0.00

------------------------------------------------------------------
Restrições de Neumann (força ou fluxo)
Nó  Direção  Valor   Comportamento no tempo

#NEU1#
2	3	0.0166667	1.0	0.0	0.0
12	3	0.0166667	1.0	0.0	0.0
13	3	0.0333333	1.0	0.0	0.0
38	3	0.0166667	1.0	0.0	0.0
50	3	0.0166667	1.0	0.0	0.0
51	3	0.0333333	1.0	0.0	0.0
52	3	0.0333333	1.0	0.0	0.0
53	3	0.0333333	1.0	0.0	0.0
242	3	0.0166667	1.0	0.0	0.0
256	3	0.0166667	1.0	0.0	0.0
257	3	0.0166667	1.0	0.0	0.0
279	3	0.0166667	1.0	0.0	0.0
342	3	0.0166667	1.0	0.0	0.0
343	3	0.0083333	1.0	0.0	0.0
345	3	0.0083333	1.0	0.0	0.0
346	3	0.0166667	1.0	0.0	0.0
353	3	0.0166667	1.0	0.0	0.0
357	3	0.0166667	1.0	0.0	0.0
359	3	0.0083333	1.0	0.0	0.0
361	3	0.0166667	1.0	0.0	0.0
402	3	0.0083333	1.0	0.0	0.0
407	3	0.0083333	1.0	0.0	0.0
408	3	0.0083333	1.0	0.0	0.0
507	3	0.0033333	1.0	0.0	0.0
469	3	0.0033333	1.0	0.0	0.0
509	3	0.0033333	1.0	0.0	0.0
863	3	0.0037500	1.0	0.0	0.0
861	3	0.0037500	1.0	0.0	0.0
889	3	0.0037500	1.0	0.0	0.0
892	3	0.0037500	1.0	0.0	0.0
894	3	0.0037500	1.0	0.0	0.0
895	3	0.0037500	1.0	0.0	0.0
891	3	0.0112500	1.0	0.0	0.0
506	3	0.0016667	1.0	0.0	0.0
1128	3	0.0018750	1.0	0.0	0.0
1129	3	0.0018750	1.0	0.0	0.0
1126	3	0.0037500	1.0	0.0	0.0
1124	3	0.0037500	1.0	0.0	0.0
1130	3	0.0112500	1.0	0.0	0.0
468	3	0.0016667	1.0	0.0	0.0
1134	3	0.0018750	1.0	0.0	0.0
1137	3	0.0037500	1.0	0.0	0.0
1139	3	0.0018750	1.0	0.0	0.0
1140	3	0.0037500	1.0	0.0	0.0
1136	3	0.0112500	1.0	0.0	0.0
508	3	0.0033333	1.0	0.0	0.0
458	3	0.0016667	1.0	0.0	0.0
494	3	0.0016667	1.0	0.0	0.0
1168	3	0.0037500	1.0	0.0	0.0
1169	3	0.0037500	1.0	0.0	0.0
1158	3	0.0037500	1.0	0.0	0.0
1171	3	0.0018750	1.0	0.0	0.0
1160	3	0.0037500	1.0	0.0	0.0
1172	3	0.0018750	1.0	0.0	0.0
1170	3	0.0112500	1.0	0.0	0.0
953	3	0.0037500	1.0	0.0	0.0
957	3	0.0037500	1.0	0.0	0.0
1177	3	0.0037500	1.0	0.0	0.0
1179	3	0.0037500	1.0	0.0	0.0
1178	3	0.0112500	1.0	0.0	0.0
1301	3	0.0018750	1.0	0.0	0.0
1303	3	0.0018750	1.0	0.0	0.0
1302	3	0.0112500	1.0	0.0	0.0
1324	3	0.0018750	1.0	0.0	0.0
1326	3	0.0018750	1.0	0.0	0.0
1323	3	0.0112500	1.0	0.0	0.0
1330	3	0.0018750	1.0	0.0	0.0
1332	3	0.0018750	1.0	0.0	0.0
1329	3	0.0112500	1.0	0.0	0.0
1566	3	0.0500000	1.0	0.0	0.0
1567	3	0.0500000	1.0	0.0	0.0
1568	3	0.0500000	1.0	0.0	0.0
1569	3	0.0500000	1.0	0.0	0.0
1610	3	0.0055556	1.0	0.0	0.0
1611	3	0.0055556	1.0	0.0	0.0
1612	3	0.0055556	1.0	0.0	0.0
1613	3	0.0055556	1.0	0.0	0.0
1749	3	0.0222222	1.0	0.0	0.0
1750	3	0.0222222	1.0	0.0	0.0
1751	3	0.0222222	1.0	0.0	0.0
1752	3	0.0222222	1.0	0.0	0.0
1757	3	0.0888889	1.0	0.0	0.0
1799	3	0.0031250	1.0	0.0	0.0
1800	3	0.0031250	1.0	0.0	0.0
1801	3	0.0031250	1.0	0.0	0.0
1802	3	0.0031250	1.0	0.0	0.0
2219	3	0.0093750	1.0	0.0	0.0
2220	3	0.0093750	1.0	0.0	0.0
2221	3	0.0093750	1.0	0.0	0.0
2222	3	0.0093750	1.0	0.0	0.0
2223	3	0.0093750	1.0	0.0	0.0
2224	3	0.0093750	1.0	0.0	0.0
2225	3	0.0093750	1.0	0.0	0.0
2226	3	0.0093750	1.0	0.0	0.0
2243	3	0.0281250	1.0	0.0	0.0
2244	3	0.0281250	1.0	0.0	0.0
2245	3	0.0281250	1.0	0.0	0.0
2246	3	0.0281250	1.0	0.0	0.0
2295	3	0.03333333	1.0	0.0	0.0
2296	3	0.06666667	1.0	0.0	0.0
2297	3	0.03333333	1.0	0.0	0.0
2298	3	0.06666667	1.0	0.0	0.0
2339	3	0.05000000	1.0	0.0	0.0
2340	3	0.05000000	1.0	0.0	0.0
2341	3	0.05000000	1.0	0.0	0.0
2342	3	0.05000000	1.0	0.0	0.0
2523	3	0.0333333	1.0	0.0	0.0
2524	3	0.0666667	1.0	0.0	0.0
2525	3	0.0333333	1.0	0.0	0.0
2530	3	0.0333333	1.0	0.0	0.0
2531	3	0.0333333	1.0	0.0	0.0
2575	3	0.0055556	1.0	0.0	0.0
2574	3	0.0055556	1.0	0.0	0.0
2577	3	0.0055556	1.0	0.0	0.0
2576	3	0.0055556	1.0	0.0	0.0
2709	3	0.0222222	1.0	0.0	0.0
2716	3	0.0222222	1.0	0.0	0.0
2717	3	0.0222222	1.0	0.0	0.0
2719	3	0.0222222	1.0	0.0	0.0
2721	3	0.0888889	1.0	0.0	0.0
3171	3	0.0066667	1.0	0.0	0.0
3172	3	0.0033333	1.0	0.0	0.0
3173	3	0.0066667	1.0	0.0	0.0
3174	3	0.0075000	1.0	0.0	0.0
3175	3	0.0075000	1.0	0.0	0.0
3176	3	0.0075000	1.0	0.0	0.0
3177	3	0.0075000	1.0	0.0	0.0
3178	3	0.0150000	1.0	0.0	0.0
3179	3	0.0150000	1.0	0.0	0.0
3180	3	0.0450000	1.0	0.0	0.0
3201	3	0.0033333	1.0	0.0	0.0
3202	3	0.0075000	1.0	0.0	0.0
3203	3	0.0075000	1.0	0.0	0.0
3204	3	0.0075000	1.0	0.0	0.0
3205	3	0.0075000	1.0	0.0	0.0
3206	3	0.0450000	1.0	0.0	0.0
3260	3	0.0031250	1.0	0.0	0.0
3259	3	0.0031250	1.0	0.0	0.0
3262	3	0.0031250	1.0	0.0	0.0
3261	3	0.0031250	1.0	0.0	0.0
3693	3	0.0093750	1.0	0.0	0.0
3694	3	0.0093750	1.0	0.0	0.0
3698	3	0.0093750	1.0	0.0	0.0
3699	3	0.0093750	1.0	0.0	0.0
3681	3	0.0093750	1.0	0.0	0.0
3703	3	0.0093750	1.0	0.0	0.0
3687	3	0.0093750	1.0	0.0	0.0
3709	3	0.0093750	1.0	0.0	0.0
3704	3	0.0281250	1.0	0.0	0.0
3705	3	0.0281250	1.0	0.0	0.0
3710	3	0.0281250	1.0	0.0	0.0
3711	3	0.0281250	1.0	0.0	0.0
3755	3	0.0033333	1.0	0.0	0.0
3756	3	0.0066667	1.0	0.0	0.0
3758	3	0.0066667	1.0	0.0	0.0
4023	3	0.0075000	1.0	0.0	0.0
4024	3	0.0075000	1.0	0.0	0.0
4025	3	0.0150000	1.0	0.0	0.0
4026	3	0.0150000	1.0	0.0	0.0
4027	3	0.0075000	1.0	0.0	0.0
4028	3	0.0075000	1.0	0.0	0.0
4029	3	0.0450000	1.0	0.0	0.0
3757	3	0.0033333	1.0	0.0	0.0
4040	3	0.0075000	1.0	0.0	0.0
4041	3	0.0075000	1.0	0.0	0.0
4042	3	0.0075000	1.0	0.0	0.0
4043	3	0.0075000	1.0	0.0	0.0
4044	3	0.0450000	1.0	0.0	0.0
4092	3	0.0041667	1.0	0.0	0.0
4091	3	0.0041667	1.0	0.0	0.0
4094	3	0.0041667	1.0	0.0	0.0
4093	3	0.0041667	1.0	0.0	0.0
4407	3	0.0125000	1.0	0.0	0.0
4408	3	0.0125000	1.0	0.0	0.0
4412	3	0.0125000	1.0	0.0	0.0
4413	3	0.0125000	1.0	0.0	0.0
4401	3	0.0166667	1.0	0.0	0.0
4417	3	0.0166667	1.0	0.0	0.0
4418	3	0.0500000	1.0	0.0	0.0
4419	3	0.0500000	1.0	0.0	0.0
4463	3	0.0033333	1.0	0.0	0.0
4464	3	0.0066667	1.0	0.0	0.0
4466	3	0.0066667	1.0	0.0	0.0
4587	3	0.0075000	1.0	0.0	0.0
4588	3	0.0075000	1.0	0.0	0.0
4589	3	0.0150000	1.0	0.0	0.0
4590	3	0.0150000	1.0	0.0	0.0
4591	3	0.0075000	1.0	0.0	0.0
4592	3	0.0075000	1.0	0.0	0.0
4593	3	0.0450000	1.0	0.0	0.0
4465	3	0.0033333	1.0	0.0	0.0
4594	3	0.0075000	1.0	0.0	0.0
4595	3	0.0075000	1.0	0.0	0.0
4596	3	0.0075000	1.0	0.0	0.0
4597	3	0.0075000	1.0	0.0	0.0
4598	3	0.0450000	1.0	0.0	0.0
4640	3	0.0125000	1.0	0.0	0.0
4639	3	0.0125000	1.0	0.0	0.0
4642	3	0.0125000	1.0	0.0	0.0
4641	3	0.0125000	1.0	0.0	0.0
4837	3	0.0375000	1.0	0.0	0.0
4838	3	0.0375000	1.0	0.0	0.0
4842	3	0.0375000	1.0	0.0	0.0
4843	3	0.0375000	1.0	0.0	0.0
